% Universidad de Malaga - ETSI de Telecomunicacion (Spain)                         
% Date: 2016-11-27_14:07:51                                                        
% ID: Subject_18_ADL_Bending_5                                                     
% Name: Subject_18                                                                 
% Age: 24                                                                          
% Height(cm): 177                                                                  
% Weight(Kg): 65                                                                   
% Gender: M                                                                        
                                                                                    
% Type of Movement: ADL                                                            
% Type of Movement: FALSE                                                          
% Description of the movement: Bending                                             
% Trial: 5                                                                         
                                                                                    
% Number of Sensors: 5                                                             
                                                                                    
% Used Smartphone: LGE-lge-LG-H815-5.1                                             
% Smartphone's Accelerometer: LGE Accelerometer - Vendor: BOSCH                    
% --> Version: 1                                                                   
% --> Min - Max Delay: 5000us - 65535000us                                         
% --> Maximum Range: 16.000000263891405 G                                          
% --> Resolution: 1.2136514986004396E-4 G                                          
                                                                                    
% SensorTag's Accelerometer: MPU-9250 MEMS MotionTracking Device - Invensense      
% --> Maximum Range: 16 G                                                          
% --> Resolution: 0.00024 G                                                        
                                                                                    
% MAC Address; Sensor_ID; Position; Device Model                                   
%f8:95:c7:f3:ba:82; 0; RIGHTPOCKET; lge-LG-H815-5.1                                
%B0:B4:48:B8:77:03; 4; ANKLE; SensorTag                                            
%C4:BE:84:71:A5:02; 2; WAIST; SensorTag                                            
%C4:BE:84:70:0E:80; 3; WRIST; SensorTag                                            
%C4:BE:84:70:64:8A; 1; CHEST; SensorTag                                            
                                                                                    
% Sensor_Type:                                                                     
% Accelerometer = 0                                                                
% Gyroscope = 1                                                                    
% Magnetometer = 2                                                                 
                                                                                    
                                                                                    
% TimeStamp; Sample No; X-Axis; Y-Axis; Z-Axis; Sensor Type; Sensor ID;            
127;1;-0.126422181725502;-1.033346891403198;-0.02454911544919014;0;0
128;2;-0.127397745847702;-1.031638503074646;-0.02381783910095692;0;0
128;3;-0.1293519586324692;-1.030051469802856;-0.02174225635826588;0;0
128;4;-0.1288634091615677;-1.031394243240356;-0.02100942470133305;0;0
128;5;-0.1287404894828796;-1.030172824859619;-0.02186517417430878;0;0
128;6;-0.1294733136892319;-1.028830051422119;-0.02564914152026177;0;0
128;7;-0.1271534562110901;-1.028464436531067;-0.02613614127039909;0;0
128;8;-0.128374844789505;-1.027854561805725;-0.02821172215044498;0;0
128;9;-0.1278862953186035;-1.029685854911804;-0.02540486492216587;0;0
128;10;-0.1220267415046692;-1.031638503074646;-0.02686897292733192;0;0
128;11;-0.1230038553476334;-1.030784368515015;-0.02918883226811886;0;0
128;12;-0.1225152984261513;-1.032248377799988;-0.02699189074337483;0;0
128;13;-0.1222710236907005;-1.030905723571777;-0.03028730303049088;0;0
128;14;-0.1221496611833572;-1.031028628349304;-0.0294331107288599;0;0
128;15;-0.1244679614901543;-1.033714056015015;-0.03028730303049088;0;0
128;16;-0.1232481300830841;-1.033225536346436;-0.03223996609449387;0;0
128;17;-0.1254450678825378;-1.03395676612854;-0.03199569135904312;0;0
128;18;-0.1289847642183304;-1.033469796180725;-0.03126285597681999;0;0
128;19;-0.1293519586324692;-1.032004117965698;-0.03846515342593193;0;0
128;20;-0.1337458491325378;-1.032492756843567;-0.03553538024425507;0;0
128;21;-0.132280170917511;-1.035911083221436;-0.03199569135904312;0;0
128;22;-0.132280170917511;-1.033102631568909;-0.03016438707709312;0;0
128;23;-0.1325244605541229;-1.032981276512146;-0.03040866367518902;0;0
128;24;-0.1349656730890274;-1.034812569618225;-0.031141497194767;0;0
128;25;-0.1316702663898468;-1.03529953956604;-0.03065294213593006;0;0
134;26;-0.1339901238679886;-1.034201145172119;-0.0296773873269558;0;0
140;27;-0.1325244605541229;-1.032248377799988;-0.03077585808932781;0;0
146;28;-0.1350885927677155;-1.032981276512146;-0.02809036150574684;0;0
146;29;-0.132280170917511;-1.035178184509277;-0.02955447137355804;0;0
155;30;-0.1316702663898468;-1.032127022743225;-0.03236132860183716;0;0
160;31;-0.130327507853508;-1.03127133846283;-0.02870027720928192;0;0
169;32;-0.1302061527967453;-1.030417084693909;-0.02735752798616886;0;0
169;33;-0.1306947022676468;-1.02992856502533;-0.02650333568453789;0;0
172;34;-0.1308160722255707;-1.029562950134277;-0.02821172215044498;0;0
179;35;-0.1308160722255707;-1.030172824859619;-0.02979874797165394;0;0
182;36;-0.1287404894828796;-1.030417084693909;-0.02552622556686401;0;0
188;37;-0.1282519400119782;-1.031028628349304;-0.02516058646142483;0;0
193;38;-0.1292290389537811;-1.030295729637146;-0.02662469632923603;0;0
197;39;-0.1256893575191498;-1.027244687080383;-0.02638041786849499;0;0
201;40;-0.1249565184116364;-1.029197335243225;-0.02564914152026177;0;0
206;41;-0.1217824667692184;-1.029807209968567;-0.02589186280965805;0;0
211;42;-0.1231252178549767;-1.029685854911804;-0.02772316709160805;0;0
217;43;-0.1231252178549767;-1.030417084693909;-0.02503767050802708;0;0
222;44;-0.1210511922836304;-1.032248377799988;-0.02454911544919014;0;0
227;45;-0.1215397492051125;-1.031882762908936;-0.02186517417430878;0;0
231;46;-0.1250794380903244;-1.032858371734619;-0.02577050216495991;0;0
236;47;-0.1277649402618408;-1.033102631568909;-0.02479339204728603;0;0
241;48;-0.1306947022676468;-1.03261411190033;-0.02540486492216587;0;0
246;49;-0.1320358961820602;-1.034445405006409;-0.02577050216495991;0;0
252;50;-0.1297176033258438;-1.030784368515015;-0.02223081141710281;0;0
259;51;-0.1316702663898468;-1.029685854911804;-0.02296364493668079;0;0
263;52;-0.1287404894828796;-1.032127022743225;-0.02235217206180096;0;0
267;53;-0.1335015594959259;-1.032371401786804;-0.02552622556686401;0;0
272;54;-0.1317931860685349;-1.033591151237488;-0.02393919974565506;0;0
277;55;-0.1298389583826065;-1.032248377799988;-0.02577050216495991;0;0
282;56;-0.1299618780612946;-1.031149983406067;-0.02406211569905281;0;0
287;57;-0.1313046216964722;-1.030539989471436;-0.02711325138807297;0;0
292;58;-0.1292290389537811;-1.033591151237488;-0.03028730303049088;0;0
297;59;-0.1300832331180573;-1.032737016677856;-0.02906591631472111;0;0
302;60;-0.132280170917511;-1.032492756843567;-0.0296773873269558;0;0
307;61;-0.1278862953186035;-1.031028628349304;-0.03053158149123192;0;0
313;62;-0.130450427532196;-1.031882762908936;-0.03004302643239498;0;0
318;63;-0.1327687352895737;-1.030784368515015;-0.03077585808932781;0;0
323;64;-0.1320358961820602;-1.03127133846283;-0.03077585808932781;0;0
329;65;-0.1319145411252976;-1.03127133846283;-0.02918883226811886;0;0
334;66;-0.1333786547183991;-1.03127133846283;-0.03138577565550804;0;0
337;67;-0.1315488964319229;-1.031394243240356;-0.03284988179802895;0;0
343;68;-0.1319145411252976;-1.032492756843567;-0.03187432885169983;0;0
348;69;-0.1321588158607483;-1.031759858131409;-0.02955447137355804;0;0
355;70;-0.1306947022676468;-1.031882762908936;-0.0296773873269558;0;0
358;71;-0.1308160722255707;-1.031759858131409;-0.027478888630867;0;0
370;72;-0.1289847642183304;-1.033714056015015;-0.03333843871951103;0;0
370;73;-0.1282519400119782;-1.033102631568909;-0.02870027720928192;0;0
373;74;-0.1266664564609528;-1.02992856502533;-0.03102013655006886;0;0
378;75;-0.1278862953186035;-1.033591151237488;-0.03053158149123192;0;0
383;76;-0.1281305700540543;-1.030905723571777;-0.03016438707709312;0;0
388;77;-0.1255664378404617;-1.033346891403198;-0.03150713443756104;0;0
393;78;-0.1269091814756393;-1.033714056015015;-0.03016438707709312;0;0
398;79;-0.1270321011543274;-1.034201145172119;-0.03187432885169983;0;0
409;80;-0.1282519400119782;-1.031394243240356;-0.02711325138807297;0;0
409;81;-0.1269091814756393;-1.02992856502533;-0.02809036150574684;0;0
415;82;-0.126299262046814;-1.031394243240356;-0.02638041786849499;0;0
421;83;-0.1267878264188767;-1.032492756843567;-0.02955447137355804;0;0
426;84;-0.1267878264188767;-1.030661344528198;-0.02662469632923603;0;0
431;85;-0.126422181725502;-1.029562950134277;-0.02369492128491402;0;0
436;86;-0.1252007931470871;-1.030539989471436;-0.03065294213593006;0;0
438;87;-0.1280092149972916;-1.031149983406067;-0.02516058646142483;0;0
443;88;-0.1271534562110901;-1.030661344528198;-0.02894455380737782;0;0
448;89;-0.126422181725502;-1.032248377799988;-0.02796744368970394;0;0
453;90;-0.128374844789505;-1.033346891403198;-0.02686897292733192;0;0
460;91;-0.1277649402618408;-1.032737016677856;-0.02479339204728603;0;0
465;92;-0.1272763758897781;-1.031149983406067;-0.02613614127039909;0;0
468;93;-0.1270321011543274;-1.030172824859619;-0.02918883226811886;0;0
473;94;-0.1299618780612946;-1.031394243240356;-0.02882163785398006;0;0
480;95;-0.1294733136892319;-1.033225536346436;-0.03077585808932781;0;0
484;96;-0.1306947022676468;-1.031638503074646;-0.03284988179802895;0;0
489;97;-0.1300832331180573;-1.035422444343567;-0.02894455380737782;0;0
494;98;-0.1326473653316498;-1.032737016677856;-0.0296773873269558;0;0
500;99;-0.1310603469610214;-1.032004117965698;-0.02552622556686401;0;0
513;100;-0.1333786547183991;-1.034201145172119;-0.02992010861635208;0;0
513;101;-0.1330130100250244;-1.034201145172119;-0.03065294213593006;0;0
520;102;-0.1320358961820602;-1.033346891403198;-0.03199569135904312;0;0
520;103;-0.1328916549682617;-1.031759858131409;-0.02955447137355804;0;0
526;104;-0.1320358961820602;-1.032371401786804;-0.03016438707709312;0;0
530;105;-0.1327687352895737;-1.032492756843567;-0.03040866367518902;0;0
534;106;-0.1316702663898468;-1.033469796180725;-0.02906591631472111;0;0
539;107;-0.1277649402618408;-1.033591151237488;-0.02833463810384274;0;0
544;108;-0.1306947022676468;-1.029685854911804;-0.02870027720928192;0;0
550;109;-0.1272763758897781;-1.032248377799988;-0.02821172215044498;0;0
557;110;-0.126299262046814;-1.034201145172119;-0.03163005039095879;0;0
562;111;-0.1269091814756393;-1.032858371734619;-0.03065294213593006;0;0
567;112;-0.1302061527967453;-1.032371401786804;-0.02918883226811886;0;0
571;113;-0.1266664564609528;-1.032371401786804;-0.02516058646142483;0;0
574;114;-0.1243466064333916;-1.030784368515015;-0.02528194710612297;0;0
579;115;-0.1252007931470871;-1.031882762908936;-0.02564914152026177;0;0
585;116;-0.1254450678825378;-1.030905723571777;-0.02845599874854088;0;0
590;117;-0.1259336322546005;-1.030295729637146;-0.0278460830450058;0;0
594;118;-0.1253237128257752;-1.032248377799988;-0.02516058646142483;0;0
606;119;-0.1248351559042931;-1.032858371734619;-0.02699189074337483;0;0
606;120;-0.1275206506252289;-1.033225536346436;-0.02833463810384274;0;0
611;121;-0.1271534562110901;-1.033714056015015;-0.03321707621216774;0;0
616;122;-0.1287404894828796;-1.029807209968567;-0.01039035338908434;0;0
626;123;-0.126422181725502;-1.035178184509277;-0.03968654200434685;0;0
626;124;-0.1255664378404617;-1.032737016677856;-0.03309416025876999;0;0
630;125;-0.1295946836471558;-1.028830051422119;-0.02015523053705692;0;0
635;126;-0.1267878264188767;-1.030417084693909;-0.02894455380737782;0;0
641;127;-0.1287404894828796;-1.034689664840698;-0.03846515342593193;0;0
645;128;-0.130327507853508;-1.030905723571777;-0.02174225635826588;0;0
650;129;-0.1325244605541229;-1.027244687080383;-0.01954531483352184;0;0
678;130;-0.130450427532196;-1.03127133846283;-0.04066209867596626;0;0
678;131;-0.1325244605541229;-1.032248377799988;-0.03211860731244087;0;0
678;132;-0.1332572847604752;-1.030172824859619;-0.01905675977468491;0;0
678;133;-0.1352099478244782;-1.033102631568909;-0.03382699191570282;0;0
678;134;-0.1356985121965408;-1.033469796180725;-0.03712240606546402;0;0
682;135;-0.1370412558317184;-1.027731657028198;-0.02064378559589386;0;0
687;136;-0.1350885927677155;-1.032492756843567;-0.02662469632923603;0;0
690;137;-0.1319145411252976;-1.033835411071777;-0.03700104728341103;0;0
698;138;-0.1321588158607483;-1.027610301971436;-0.02491630986332893;0;0
703;139;-0.1333786547183991;-1.031149983406067;-0.02296364493668079;0;0
707;140;-0.1284962147474289;-1.031149983406067;-0.03248424455523491;0;0
713;141;-0.1291076838970184;-1.031394243240356;-0.02979874797165394;0;0
715;142;-0.1302061527967453;-1.031759858131409;-0.02491630986332893;0;0
720;143;-0.1275206506252289;-1.031759858131409;-0.03065294213593006;0;0
725;144;-0.1284962147474289;-1.031638503074646;-0.02821172215044498;0;0
731;145;-0.1294733136892319;-1.03127133846283;-0.02406211569905281;0;0
736;146;-0.1278862953186035;-1.033714056015015;-0.02894455380737782;0;0
741;147;-0.1278862953186035;-1.033714056015015;-0.03211860731244087;0;0
747;148;-0.128374844789505;-1.033102631568909;-0.02735752798616886;0;0
753;149;-0.1284962147474289;-1.031028628349304;-0.02528194710612297;0;0
757;150;-0.130327507853508;-1.032248377799988;-0.027478888630867;0;0
762;151;-0.1292290389537811;-1.032004117965698;-0.02699189074337483;0;0
766;152;-0.130450427532196;-1.032981276512146;-0.02686897292733192;0;0
771;153;-0.1289847642183304;-1.032858371734619;-0.02699189074337483;0;0
776;154;-0.127397745847702;-1.032248377799988;-0.03175141289830208;0;0
781;155;-0.1287404894828796;-1.033469796180725;-0.03053158149123192;0;0
786;156;-0.1284962147474289;-1.03261411190033;-0.02650333568453789;0;0
791;157;-0.1278862953186035;-1.03261411190033;-0.02723461203277111;0;0
801;158;-0.1298389583826065;-1.034079790115356;-0.03150713443756104;0;0
802;159;-0.1287404894828796;-1.032127022743225;-0.03053158149123192;0;0
808;160;-0.127397745847702;-1.032248377799988;-0.03102013655006886;0;0
812;161;-0.1299618780612946;-1.035911083221436;-0.03541402146220207;0;0
816;162;-0.128374844789505;-1.03261411190033;-0.03492546454071999;0;0
822;163;-0.1272763758897781;-1.035788059234619;-0.0344369113445282;0;0
826;164;-0.1295946836471558;-1.033469796180725;-0.02894455380737782;0;0
832;165;-0.1300832331180573;-1.030905723571777;-0.03077585808932781;0;0
836;166;-0.1313046216964722;-1.031882762908936;-0.03028730303049088;0;0
845;167;-0.1316702663898468;-1.030661344528198;-0.03663385286927223;0;0
849;168;-0.1342343986034393;-1.034933924674988;-0.03419263288378716;0;0
853;169;-0.1342343986034393;-1.031638503074646;-0.03333843871951103;0;0
857;170;-0.1316702663898468;-1.031394243240356;-0.03248424455523491;0;0
862;171;-0.1314259916543961;-1.033102631568909;-0.03309416025876999;0;0
867;172;-0.1310603469610214;-1.03395676612854;-0.03138577565550804;0;0
872;173;-0.1339901238679886;-1.032981276512146;-0.03077585808932781;0;0
877;174;-0.130450427532196;-1.032737016677856;-0.02723461203277111;0;0
882;175;-0.1325244605541229;-1.032371401786804;-0.03004302643239498;0;0
887;176;-0.130327507853508;-1.032248377799988;-0.02809036150574684;0;0
895;177;-0.1277649402618408;-1.030539989471436;-0.02674761228263378;0;0
900;178;-0.1277649402618408;-1.033591151237488;-0.02540486492216587;0;0
905;179;-0.1267878264188767;-1.031638503074646;-0.02577050216495991;0;0
910;180;-0.1275206506252289;-1.029441595077515;-0.02320792153477669;0;0
913;181;-0.1270321011543274;-1.02858579158783;-0.02369492128491402;0;0
917;182;-0.1287404894828796;-1.029197335243225;-0.02345064468681812;0;0
923;183;-0.1297176033258438;-1.029318690299988;-0.02552622556686401;0;0
927;184;-0.1295946836471558;-1.031028628349304;-0.02662469632923603;0;0
932;185;-0.1299618780612946;-1.030295729637146;-0.02625905722379684;0;0
937;186;-0.1282519400119782;-1.028952956199646;-0.02723461203277111;0;0
945;187;-0.1282519400119782;-1.027731657028198;-0.02613614127039909;0;0
949;188;-0.127397745847702;-1.031394243240356;-0.02723461203277111;0;0
958;189;-0.1265435516834259;-1.03127133846283;-0.027478888630867;0;0
958;190;-0.1275206506252289;-1.033714056015015;-0.02894455380737782;0;0
963;191;-0.1241023242473602;-1.032248377799988;-0.02906591631472111;0;0
967;192;-0.126299262046814;-1.033225536346436;-0.02772316709160805;0;0
973;193;-0.1252007931470871;-1.033346891403198;-0.02491630986332893;0;0
978;194;-0.1259336322546005;-1.033714056015015;-0.02809036150574684;0;0
983;195;-0.1272763758897781;-1.032371401786804;-0.03004302643239498;0;0
992;196;-0.1249565184116364;-1.031394243240356;-0.03577965870499611;0;0
997;197;-0.1286191195249558;-1.029197335243225;-0.03248424455523491;0;0
1001;198;-0.1282519400119782;-1.030295729637146;-0.03272852301597595;0;0
1006;199;-0.1284962147474289;-1.029318690299988;-0.03590257465839386;0;0
1008;200;-0.1298389583826065;-1.031028628349304;-0.03504682704806328;0;0
1013;201;-0.1299618780612946;-1.033346891403198;-0.03175141289830208;0;0
1018;202;-0.1310603469610214;-1.034568309783936;-0.02882163785398006;0;0
1023;203;-0.1253237128257752;-1.037375092506409;-0.02845599874854088;0;0
1028;204;-0.1280092149972916;-1.036276698112488;-0.02870027720928192;0;0
1033;205;-0.1284962147474289;-1.035056829452515;-0.02381783910095692;0;0
1038;206;-0.1258107125759125;-1.036155343055725;-0.02162089571356773;0;0
1046;207;-0.1299618780612946;-1.036276698112488;-0.02503767050802708;0;0
1051;208;-0.1327687352895737;-1.032981276512146;-0.024427754804492;0;0
1055;209;-0.1305717974901199;-1.031759858131409;-0.02516058646142483;0;0
1059;210;-0.1338672041893005;-1.030295729637146;-0.02845599874854088;0;0
1063;211;-0.132280170917511;-1.029807209968567;-0.02918883226811886;0;0
1068;212;-0.1319145411252976;-1.030051469802856;-0.0294331107288599;0;0
1074;213;-0.1330130100250244;-1.029562950134277;-0.02796744368970394;0;0
1079;214;-0.1306947022676468;-1.02858579158783;-0.02870027720928192;0;0
1084;215;-0.1298389583826065;-1.030661344528198;-0.029310192912817;0;0
1095;216;-0.1272763758897781;-1.030661344528198;-0.03016438707709312;0;0
1102;217;-0.126422181725502;-1.031759858131409;-0.03577965870499611;0;0
1102;218;-0.1265435516834259;-1.030417084693909;-0.03053158149123192;0;0
1108;219;-0.1237366870045662;-1.032737016677856;-0.03272852301597595;0;0
1113;220;-0.1216611042618752;-1.030172824859619;-0.03223996609449387;0;0
1118;221;-0.1237366870045662;-1.03261411190033;-0.03004302643239498;0;0
1119;222;-0.1237366870045662;-1.032371401786804;-0.03651249036192894;0;0
1124;223;-0.1249565184116364;-1.031028628349304;-0.03138577565550804;0;0
1129;224;-0.1258107125759125;-1.033469796180725;-0.02821172215044498;0;0
1139;225;-0.1294733136892319;-1.03554379940033;-0.02674761228263378;0;0
1139;226;-0.1300832331180573;-1.033714056015015;-0.02540486492216587;0;0
1145;227;-0.1326473653316498;-1.034812569618225;-0.02235217206180096;0;0
1150;228;-0.1341114789247513;-1.035056829452515;-0.02149797976016998;0;0
1155;229;-0.1342343986034393;-1.031515598297119;-0.02223081141710281;0;0
1160;230;-0.1333786547183991;-1.033714056015015;-0.02357356064021587;0;0
1166;231;-0.1317931860685349;-1.030905723571777;-0.02381783910095692;0;0
1170;232;-0.130450427532196;-1.030661344528198;-0.02369492128491402;0;0
1175;233;-0.130450427532196;-1.031394243240356;-0.02345064468681812;0;0
1180;234;-0.1269091814756393;-1.031028628349304;-0.02406211569905281;0;0
1189;235;-0.1286191195249558;-1.030784368515015;-0.02577050216495991;0;0
1195;236;-0.1278862953186035;-1.030905723571777;-0.02235217206180096;0;0
1200;237;-0.1281305700540543;-1.03261411190033;-0.02015523053705692;0;0
1200;238;-0.1256893575191498;-1.030905723571777;-0.02857736125588417;0;0
1206;239;-0.1281305700540543;-1.030905723571777;-0.02589186280965805;0;0
1210;240;-0.1314259916543961;-1.031759858131409;-0.02809036150574684;0;0
1215;241;-0.1289847642183304;-1.031882762908936;-0.02650333568453789;0;0
1220;242;-0.1308160722255707;-1.032371401786804;-0.03053158149123192;0;0
1225;243;-0.1310603469610214;-1.031394243240356;-0.03187432885169983;0;0
1230;244;-0.1316702663898468;-1.032004117965698;-0.032972801476717;0;0
1236;245;-0.1333786547183991;-1.03127133846283;-0.03028730303049088;0;0
1241;246;-0.1360641419887543;-1.032127022743225;-0.03163005039095879;0;0
1247;247;-0.1350885927677155;-1.028952956199646;-0.03163005039095879;0;0
1253;248;-0.1344786733388901;-1.031759858131409;-0.02979874797165394;0;0
1255;249;-0.1336229294538498;-1.030661344528198;-0.03089721873402596;0;0
1260;250;-0.1321588158607483;-1.029318690299988;-0.029310192912817;0;0
1266;251;-0.1339901238679886;-1.03127133846283;-0.02503767050802708;0;0
1270;252;-0.1299618780612946;-1.033469796180725;-0.02308500558137894;0;0
1275;253;-0.1286191195249558;-1.033714056015015;-0.02686897292733192;0;0
1281;254;-0.1288634091615677;-1.035788059234619;-0.02894455380737782;0;0
1288;255;-0.1275206506252289;-1.034445405006409;-0.02809036150574684;0;0
1292;256;-0.1302061527967453;-1.03261411190033;-0.02723461203277111;0;0
1297;257;-0.1299618780612946;-1.033225536346436;-0.02662469632923603;0;0
1304;258;-0.1317931860685349;-1.034324049949646;-0.02552622556686401;0;0
1306;259;-0.1278862953186035;-1.031759858131409;-0.02809036150574684;0;0
1311;260;-0.1269091814756393;-1.030417084693909;-0.02516058646142483;0;0
1316;261;-0.1269091814756393;-1.030172824859619;-0.02393919974565506;0;0
1321;262;-0.1256893575191498;-1.029562950134277;-0.02625905722379684;0;0
1326;263;-0.127397745847702;-1.033102631568909;-0.02857736125588417;0;0
1333;264;-0.1271534562110901;-1.033469796180725;-0.03016438707709312;0;0
1339;265;-0.1267878264188767;-1.032004117965698;-0.02906591631472111;0;0
1343;266;-0.1277649402618408;-1.031149983406067;-0.02686897292733192;0;0
1348;267;-0.1293519586324692;-1.030905723571777;-0.03126285597681999;0;0
1351;268;-0.127397745847702;-1.032248377799988;-0.02955447137355804;0;0
1356;269;-0.1281305700540543;-1.030295729637146;-0.02796744368970394;0;0
1361;270;-0.1302061527967453;-1.031515598297119;-0.03053158149123192;0;0
1366;271;-0.1287404894828796;-1.030295729637146;-0.0278460830450058;0;0
1371;272;-0.1317931860685349;-1.031638503074646;-0.02686897292733192;0;0
1377;273;-0.1305717974901199;-1.033102631568909;-0.03175141289830208;0;0
1382;274;-0.1297176033258438;-1.033346891403198;-0.02686897292733192;0;0
1391;275;-0.1320358961820602;-1.031028628349304;-0.02955447137355804;0;0
1391;276;-0.1305717974901199;-1.029685854911804;-0.02833463810384274;0;0
1398;277;-0.132280170917511;-1.031882762908936;-0.02577050216495991;0;0
1402;278;-0.1317931860685349;-1.030539989471436;-0.027478888630867;0;0
1407;279;-0.1300832331180573;-1.032371401786804;-0.02564914152026177;0;0
1411;280;-0.1288634091615677;-1.031394243240356;-0.02503767050802708;0;0
1417;281;-0.1294733136892319;-1.030661344528198;-0.0278460830450058;0;0
1422;282;-0.1310603469610214;-1.032492756843567;-0.02686897292733192;0;0
1431;283;-0.128374844789505;-1.031882762908936;-0.02918883226811886;0;0
1436;284;-0.1310603469610214;-1.032004117965698;-0.02857736125588417;0;0
1441;285;-0.1319145411252976;-1.03127133846283;-0.02992010861635208;0;0
1447;286;-0.1310603469610214;-1.030784368515015;-0.02918883226811886;0;0
1447;287;-0.1328916549682617;-1.03127133846283;-0.0296773873269558;0;0
1452;288;-0.1315488964319229;-1.031149983406067;-0.0278460830450058;0;0
1457;289;-0.1321588158607483;-1.030539989471436;-0.02833463810384274;0;0
1462;290;-0.1328916549682617;-1.031638503074646;-0.0278460830450058;0;0
1467;291;-0.1331359297037125;-1.032248377799988;-0.031141497194767;0;0
1472;292;-0.1325244605541229;-1.032248377799988;-0.031141497194767;0;0
1480;293;-0.1330130100250244;-1.03261411190033;-0.03065294213593006;0;0
1485;294;-0.1316702663898468;-1.031882762908936;-0.03175141289830208;0;0
1489;295;-0.1321588158607483;-1.033346891403198;-0.03187432885169983;0;0
1494;296;-0.1310603469610214;-1.030539989471436;-0.03028730303049088;0;0
1497;297;-0.1306947022676468;-1.03127133846283;-0.03211860731244087;0;0
1502;298;-0.130327507853508;-1.033714056015015;-0.03236132860183716;0;0
1507;299;-0.1308160722255707;-1.034933924674988;-0.03223996609449387;0;0
1512;300;-0.1321588158607483;-1.034933924674988;-0.031141497194767;0;0
1517;301;-0.1316702663898468;-1.030295729637146;-0.0326056070625782;0;0
1523;302;-0.1319145411252976;-1.033591151237488;-0.03187432885169983;0;0
1529;303;-0.132403090596199;-1.029807209968567;-0.02870027720928192;0;0
1539;304;-0.1320358961820602;-1.032371401786804;-0.03077585808932781;0;0
1539;305;-0.1317931860685349;-1.032371401786804;-0.032972801476717;0;0
1544;306;-0.1317931860685349;-1.030295729637146;-0.03102013655006886;0;0
1548;307;-0.1317931860685349;-1.029562950134277;-0.03004302643239498;0;0
1553;308;-0.130450427532196;-1.03127133846283;-0.03040866367518902;0;0
1558;309;-0.1306947022676468;-1.029441595077515;-0.03272852301597595;0;0
1563;310;-0.1280092149972916;-1.029441595077515;-0.02894455380737782;0;0
1568;311;-0.1295946836471558;-1.029685854911804;-0.02979874797165394;0;0
1577;312;-0.1297176033258438;-1.031515598297119;-0.02918883226811886;0;0
1581;313;-0.1294733136892319;-1.031515598297119;-0.03199569135904312;0;0
1587;314;-0.1309374272823334;-1.032127022743225;-0.03016438707709312;0;0
1592;315;-0.1319145411252976;-1.030784368515015;-0.03138577565550804;0;0
1593;316;-0.1294733136892319;-1.02992856502533;-0.03016438707709312;0;0
1598;317;-0.1314259916543961;-1.03261411190033;-0.0278460830450058;0;0
1603;318;-0.1330130100250244;-1.032004117965698;-0.02955447137355804;0;0
1608;319;-0.1320358961820602;-1.032492756843567;-0.02650333568453789;0;0
1613;320;-0.1305717974901199;-1.03127133846283;-0.02516058646142483;0;0
1618;321;-0.1288634091615677;-1.032004117965698;-0.027478888630867;0;0
1626;322;-0.1298389583826065;-1.030784368515015;-0.03077585808932781;0;0
1632;323;-0.1315488964319229;-1.031028628349304;-0.03175141289830208;0;0
1637;324;-0.1309374272823334;-1.030295729637146;-0.02772316709160805;0;0
1641;325;-0.1321588158607483;-1.030539989471436;-0.02821172215044498;0;0
1644;326;-0.1309374272823334;-1.032004117965698;-0.03138577565550804;0;0
1649;327;-0.1294733136892319;-1.032004117965698;-0.03394835442304611;0;0
1654;328;-0.1310603469610214;-1.032737016677856;-0.03126285597681999;0;0
1659;329;-0.1308160722255707;-1.032737016677856;-0.03126285597681999;0;0
1665;330;-0.1299618780612946;-1.03261411190033;-0.03407127037644386;0;0
1669;331;-0.1319145411252976;-1.032127022743225;-0.03394835442304611;0;0
1676;332;-0.1333786547183991;-1.033469796180725;-0.03126285597681999;0;0
1683;333;-0.1358214318752289;-1.032737016677856;-0.03248424455523491;0;0
1692;334;-0.1364313364028931;-1.03127133846283;-0.03284988179802895;0;0
1692;335;-0.1342343986034393;-1.033225536346436;-0.03516974300146103;0;0
1695;336;-0.1354542374610901;-1.033469796180725;-0.03504682704806328;0;0
1699;337;-0.1353328675031662;-1.030905723571777;-0.03809951618313789;0;0
1704;338;-0.1338672041893005;-1.031394243240356;-0.0362682119011879;0;0
1709;339;-0.1354542374610901;-1.029807209968567;-0.031141497194767;0;0
1714;340;-0.136552706360817;-1.02992856502533;-0.02870027720928192;0;0
1726;341;-0.1306947022676468;-1.029318690299988;-0.03321707621216774;0;0
1726;342;-0.1316702663898468;-1.030417084693909;-0.03187432885169983;0;0
1732;343;-0.1308160722255707;-1.029562950134277;-0.031141497194767;0;0
1738;344;-0.1275206506252289;-1.030295729637146;-0.02906591631472111;0;0
1744;345;-0.1292290389537811;-1.032248377799988;-0.02589186280965805;0;0
1749;346;-0.1295946836471558;-1.031028628349304;-0.02577050216495991;0;0
1749;347;-0.1282519400119782;-1.031759858131409;-0.02882163785398006;0;0
1755;348;-0.1299618780612946;-1.029807209968567;-0.02625905722379684;0;0
1760;349;-0.1293519586324692;-1.029318690299988;-0.02625905722379684;0;0
1764;350;-0.128374844789505;-1.031149983406067;-0.02393919974565506;0;0
1774;351;-0.1286191195249558;-1.02992856502533;-0.02540486492216587;0;0
1778;352;-0.130450427532196;-1.026633143424988;-0.02955447137355804;0;0
1780;353;-0.1278862953186035;-1.026267528533936;-0.02955447137355804;0;0
1789;354;-0.1302061527967453;-1.029562950134277;-0.02845599874854088;0;0
1790;355;-0.1267878264188767;-1.03127133846283;-0.02992010861635208;0;0
1795;356;-0.1241023242473602;-1.030784368515015;-0.03175141289830208;0;0
1800;357;-0.1258107125759125;-1.033469796180725;-0.03053158149123192;0;0
1805;358;-0.1259336322546005;-1.032737016677856;-0.03040866367518902;0;0
1810;359;-0.1260549873113632;-1.032004117965698;-0.03309416025876999;0;0
1815;360;-0.1276420205831528;-1.032737016677856;-0.03590257465839386;0;0
1825;361;-0.1295946836471558;-1.032371401786804;-0.03809951618313789;0;0
1831;362;-0.1302061527967453;-1.032981276512146;-0.03700104728341103;0;0
1831;363;-0.1332572847604752;-1.033469796180725;-0.03724532201886177;0;0
1838;364;-0.1339901238679886;-1.033225536346436;-0.03675676882266998;0;0
1845;365;-0.1342343986034393;-1.032127022743225;-0.03748960047960281;0;0
1850;366;-0.1333786547183991;-1.030661344528198;-0.03602393716573715;0;0
1851;367;-0.1358214318752289;-1.032127022743225;-0.03529110178351402;0;0
1855;368;-0.1382626444101334;-1.033591151237488;-0.03700104728341103;0;0
1860;369;-0.1377740949392319;-1.032981276512146;-0.03468118607997894;0;0
1872;370;-0.1370412558317184;-1.033469796180725;-0.03565829619765282;0;0
1872;371;-0.1382626444101334;-1.032127022743225;-0.03431554883718491;0;0
1876;372;-0.1354542374610901;-1.033469796180725;-0.03004302643239498;0;0
1881;373;-0.1383839994668961;-1.033225536346436;-0.02772316709160805;0;0
1887;374;-0.1383839994668961;-1.031394243240356;-0.03321707621216774;0;0
1891;375;-0.1359427869319916;-1.030051469802856;-0.02906591631472111;0;0
1896;376;-0.1308160722255707;-1.027975916862488;-0.02870027720928192;0;0
1901;377;-0.1295946836471558;-1.030417084693909;-0.02906591631472111;0;0
1906;378;-0.1341114789247513;-1.030417084693909;-0.03150713443756104;0;0
1911;379;-0.1309374272823334;-1.029441595077515;-0.03236132860183716;0;0
1919;380;-0.1277649402618408;-1.030905723571777;-0.0326056070625782;0;0
1923;381;-0.1298389583826065;-1.032371401786804;-0.03089721873402596;0;0
1929;382;-0.1316702663898468;-1.031759858131409;-0.03175141289830208;0;0
1934;383;-0.128374844789505;-1.030417084693909;-0.03199569135904312;0;0
1936;384;-0.1286191195249558;-1.032248377799988;-0.03236132860183716;0;0
1941;385;-0.1288634091615677;-1.031515598297119;-0.03370407596230507;0;0
1946;386;-0.1271534562110901;-1.030172824859619;-0.03223996609449387;0;0
1952;387;-0.1261779069900513;-1.031759858131409;-0.03187432885169983;0;0
1956;388;-0.1252007931470871;-1.031638503074646;-0.03284988179802895;0;0
1962;389;-0.1253237128257752;-1.032004117965698;-0.03138577565550804;0;0
1968;390;-0.1258107125759125;-1.031515598297119;-0.03333843871951103;0;0
1973;391;-0.1291076838970184;-1.031028628349304;-0.03040866367518902;0;0
1978;392;-0.1293519586324692;-1.032004117965698;-0.02674761228263378;0;0
1982;393;-0.132403090596199;-1.032858371734619;-0.02454911544919014;0;0
1987;394;-0.1306947022676468;-1.032981276512146;-0.02540486492216587;0;0
1992;395;-0.1308160722255707;-1.030539989471436;-0.02870027720928192;0;0
1997;396;-0.1347213983535767;-1.029441595077515;-0.024427754804492;0;0
2002;397;-0.1369199007749558;-1.031149983406067;-0.02674761228263378;0;0
2007;398;-0.1328916549682617;-1.028830051422119;-0.02796744368970394;0;0
2015;399;-0.1327687352895737;-1.031638503074646;-0.02906591631472111;0;0
2020;400;-0.1320358961820602;-1.030784368515015;-0.02589186280965805;0;0
2026;401;-0.130450427532196;-1.032004117965698;-0.02308500558137894;0;0
2031;402;-0.1292290389537811;-1.029562950134277;-0.02577050216495991;0;0
2032;403;-0.1319145411252976;-1.030784368515015;-0.02650333568453789;0;0
2037;404;-0.1317931860685349;-1.033225536346436;-0.02809036150574684;0;0
2042;405;-0.1333786547183991;-1.030539989471436;-0.0296773873269558;0;0
2047;406;-0.1352099478244782;-1.032004117965698;-0.027478888630867;0;0
2052;407;-0.1331359297037125;-1.032248377799988;-0.02918883226811886;0;0
2057;408;-0.1333786547183991;-1.031515598297119;-0.03089721873402596;0;0
2062;409;-0.1319145411252976;-1.031028628349304;-0.03199569135904312;0;0
2067;410;-0.1320358961820602;-1.02992856502533;-0.03223996609449387;0;0
2076;411;-0.1321588158607483;-1.029807209968567;-0.03333843871951103;0;0
2080;412;-0.1336229294538498;-1.031028628349304;-0.0296773873269558;0;0
2083;413;-0.132403090596199;-1.034201145172119;-0.03126285597681999;0;0
2087;414;-0.1332572847604752;-1.034079790115356;-0.03077585808932781;0;0
2092;415;-0.1310603469610214;-1.035056829452515;-0.031141497194767;0;0
2098;416;-0.128374844789505;-1.032737016677856;-0.031141497194767;0;0
2103;417;-0.1276420205831528;-1.033346891403198;-0.03272852301597595;0;0
2112;418;-0.1275206506252289;-1.030539989471436;-0.03211860731244087;0;0
2120;419;-0.1291076838970184;-1.033469796180725;-0.03236132860183716;0;0
2120;420;-0.1276420205831528;-1.031638503074646;-0.03065294213593006;0;0
2127;421;-0.1287404894828796;-1.034324049949646;-0.03040866367518902;0;0
2131;422;-0.1299618780612946;-1.032737016677856;-0.03102013655006886;0;0
2135;423;-0.127397745847702;-1.032127022743225;-0.03236132860183716;0;0
2139;424;-0.1289847642183304;-1.030539989471436;-0.0296773873269558;0;0
2144;425;-0.1313046216964722;-1.031515598297119;-0.03053158149123192;0;0
2148;426;-0.1272763758897781;-1.030905723571777;-0.03040866367518902;0;0
2153;427;-0.1310603469610214;-1.032248377799988;-0.03211860731244087;0;0
2158;428;-0.1327687352895737;-1.030539989471436;-0.03016438707709312;0;0
2167;429;-0.1271534562110901;-1.030784368515015;-0.02906591631472111;0;0
2171;430;-0.1286191195249558;-1.031028628349304;-0.0276018064469099;0;0
2176;431;-0.1277649402618408;-1.028952956199646;-0.03028730303049088;0;0
2178;432;-0.1281305700540543;-1.030295729637146;-0.02894455380737782;0;0
2183;433;-0.1308160722255707;-1.030539989471436;-0.02882163785398006;0;0
2188;434;-0.1266664564609528;-1.028220176696777;-0.03138577565550804;0;0
2194;435;-0.1238580495119095;-1.029441595077515;-0.02906591631472111;0;0
2198;436;-0.1260549873113632;-1.030784368515015;-0.02906591631472111;0;0
2203;437;-0.1267878264188767;-1.031515598297119;-0.03028730303049088;0;0
2211;438;-0.1265435516834259;-1.033346891403198;-0.02809036150574684;0;0
2215;439;-0.1260549873113632;-1.029197335243225;-0.02650333568453789;0;0
2219;440;-0.1280092149972916;-1.029318690299988;-0.02955447137355804;0;0
2226;441;-0.1271534562110901;-1.032127022743225;-0.027478888630867;0;0
2228;442;-0.1284962147474289;-1.033225536346436;-0.02528194710612297;0;0
2234;443;-0.1299618780612946;-1.032004117965698;-0.02992010861635208;0;0
2238;444;-0.1335015594959259;-1.031028628349304;-0.03077585808932781;0;0
2244;445;-0.1305717974901199;-1.029685854911804;-0.02735752798616886;0;0
2249;446;-0.1319145411252976;-1.032127022743225;-0.0294331107288599;0;0
2254;447;-0.1341114789247513;-1.031028628349304;-0.02491630986332893;0;0
2259;448;-0.1335015594959259;-1.031882762908936;-0.02894455380737782;0;0
2265;449;-0.1331359297037125;-1.032737016677856;-0.02979874797165394;0;0
2270;450;-0.1319145411252976;-1.032858371734619;-0.03040866367518902;0;0
2274;451;-0.132280170917511;-1.032127022743225;-0.02906591631472111;0;0
2279;452;-0.1308160722255707;-1.033225536346436;-0.02821172215044498;0;0
2284;453;-0.130450427532196;-1.033469796180725;-0.029310192912817;0;0
2289;454;-0.1321588158607483;-1.032492756843567;-0.0278460830450058;0;0
2294;455;-0.1325244605541229;-1.033591151237488;-0.02918883226811886;0;0
2299;456;-0.132403090596199;-1.031759858131409;-0.0278460830450058;0;0
2305;457;-0.1315488964319229;-1.031394243240356;-0.03272852301597595;0;0
2315;458;-0.1317931860685349;-1.032492756843567;-0.031141497194767;0;0
2320;459;-0.1354542374610901;-1.032858371734619;-0.02870027720928192;0;0
2321;460;-0.1320358961820602;-1.030784368515015;-0.02723461203277111;0;0
2326;461;-0.1344786733388901;-1.031638503074646;-0.031141497194767;0;0
2330;462;-0.1335015594959259;-1.032248377799988;-0.03077585808932781;0;0
2335;463;-0.1328916549682617;-1.031515598297119;-0.02686897292733192;0;0
2340;464;-0.1313046216964722;-1.03127133846283;-0.02918883226811886;0;0
2344;465;-0.1338672041893005;-1.032858371734619;-0.02711325138807297;0;0
2350;466;-0.1331359297037125;-1.030539989471436;-0.032972801476717;0;0
2357;467;-0.1320358961820602;-1.030172824859619;-0.03053158149123192;0;0
2362;468;-0.1333786547183991;-1.030661344528198;-0.02833463810384274;0;0
2367;469;-0.1344786733388901;-1.028343081474304;-0.02430639415979385;0;0
2370;470;-0.1321588158607483;-1.028708696365356;-0.0294331107288599;0;0
2375;471;-0.1319145411252976;-1.028830051422119;-0.029310192912817;0;0
2380;472;-0.1342343986034393;-1.030661344528198;-0.02882163785398006;0;0
2385;473;-0.1328916549682617;-1.032492756843567;-0.02821172215044498;0;0
2390;474;-0.1353328675031662;-1.030172824859619;-0.02686897292733192;0;0
2395;475;-0.1325244605541229;-1.028708696365356;-0.02857736125588417;0;0
2401;476;-0.1308160722255707;-1.030905723571777;-0.02674761228263378;0;0
2406;477;-0.1358214318752289;-1.030417084693909;-0.02528194710612297;0;0
2412;478;-0.134355753660202;-1.030905723571777;-0.02650333568453789;0;0
2420;479;-0.1327687352895737;-1.032004117965698;-0.02406211569905281;0;0
2420;480;-0.1319145411252976;-1.031638503074646;-0.02699189074337483;0;0
2426;481;-0.1337458491325378;-1.031638503074646;-0.02564914152026177;0;0
2431;482;-0.1316702663898468;-1.031759858131409;-0.02674761228263378;0;0
2435;483;-0.134355753660202;-1.029807209968567;-0.02467203140258789;0;0
2440;484;-0.1338672041893005;-1.029441595077515;-0.02528194710612297;0;0
2445;485;-0.1360641419887543;-1.032492756843567;-0.03016438707709312;0;0
2455;486;-0.1360641419887543;-1.035178184509277;-0.02894455380737782;0;0
2459;487;-0.1353328675031662;-1.033469796180725;-0.02723461203277111;0;0
2464;488;-0.1360641419887543;-1.030417084693909;-0.02845599874854088;0;0
2466;489;-0.1348443180322647;-1.03127133846283;-0.02882163785398006;0;0
2470;490;-0.1333786547183991;-1.030784368515015;-0.02723461203277111;0;0
2476;491;-0.1369199007749558;-1.030661344528198;-0.03028730303049088;0;0
2481;492;-0.1377740949392319;-1.033102631568909;-0.03199569135904312;0;0
2486;493;-0.1335015594959259;-1.031515598297119;-0.03053158149123192;0;0
2490;494;-0.1326473653316498;-1.031638503074646;-0.032972801476717;0;0
2496;495;-0.1326473653316498;-1.029562950134277;-0.029310192912817;0;0
2504;496;-0.1352099478244782;-1.033102631568909;-0.029310192912817;0;0
2511;497;-0.1349656730890274;-1.031638503074646;-0.03175141289830208;0;0
2517;498;-0.1366756111383438;-1.030417084693909;-0.03040866367518902;0;0
2517;499;-0.1392381936311722;-1.031149983406067;-0.02979874797165394;0;0
2522;500;-0.1347213983535767;-1.029197335243225;-0.03126285597681999;0;0
2526;501;-0.1369199007749558;-1.029197335243225;-0.0296773873269558;0;0
2531;502;-0.1370412558317184;-1.031515598297119;-0.0276018064469099;0;0
2537;503;-0.1353328675031662;-1.031882762908936;-0.03126285597681999;0;0
2542;504;-0.1349656730890274;-1.031028628349304;-0.02955447137355804;0;0
2548;505;-0.1333786547183991;-1.029318690299988;-0.0278460830450058;0;0
2553;506;-0.1353328675031662;-1.030417084693909;-0.02992010861635208;0;0
2558;507;-0.1314259916543961;-1.031149983406067;-0.03028730303049088;0;0
2563;508;-0.1313046216964722;-1.033225536346436;-0.03284988179802895;0;0
2567;509;-0.1295946836471558;-1.032492756843567;-0.0294331107288599;0;0
2572;510;-0.1286191195249558;-1.029685854911804;-0.02638041786849499;0;0
2577;511;-0.1276420205831528;-1.030295729637146;-0.02540486492216587;0;0
2582;512;-0.1280092149972916;-1.032737016677856;-0.02479339204728603;0;0
2587;513;-0.1309374272823334;-1.032492756843567;-0.02601478062570095;0;0
2591;514;-0.1309374272823334;-1.03127133846283;-0.02552622556686401;0;0
2601;515;-0.1339901238679886;-1.028952956199646;-0.02516058646142483;0;0
2605;516;-0.1344786733388901;-1.027244687080383;-0.02491630986332893;0;0
2607;517;-0.1335015594959259;-1.028708696365356;-0.03016438707709312;0;0
2615;518;-0.1358214318752289;-1.027244687080383;-0.03004302643239498;0;0
2617;519;-0.136308416724205;-1.029441595077515;-0.0326056070625782;0;0
2622;520;-0.1350885927677155;-1.030051469802856;-0.03065294213593006;0;0
2627;521;-0.1337458491325378;-1.031638503074646;-0.02906591631472111;0;0
2632;522;-0.1339901238679886;-1.030417084693909;-0.03321707621216774;0;0
2637;523;-0.1342343986034393;-1.030417084693909;-0.03455982729792595;0;0
2642;524;-0.1336229294538498;-1.032737016677856;-0.0361468531191349;0;0
2650;525;-0.1315488964319229;-1.03127133846283;-0.03931934759020805;0;0
2654;526;-0.1302061527967453;-1.033469796180725;-0.04212776198983192;0;0
2659;527;-0.1297176033258438;-1.033714056015015;-0.04237204045057297;0;0
2665;528;-0.1298389583826065;-1.032371401786804;-0.04102929309010506;0;0
2667;529;-0.1297176033258438;-1.032737016677856;-0.03822087869048119;0;0
2672;530;-0.1314259916543961;-1.032371401786804;-0.04054073616862297;0;0
2677;531;-0.1349656730890274;-1.033346891403198;-0.03797660022974014;0;0
2682;532;-0.1335015594959259;-1.02992856502533;-0.03748960047960281;0;0
2688;533;-0.1335015594959259;-1.031028628349304;-0.03761096298694611;0;0
2692;534;-0.1347213983535767;-1.032492756843567;-0.03382699191570282;0;0
2704;535;-0.1366756111383438;-1.032248377799988;-0.03455982729792595;0;0
2704;536;-0.1366756111383438;-1.032371401786804;-0.03175141289830208;0;0
2709;537;-0.1359427869319916;-1.030051469802856;-0.03272852301597595;0;0
2713;538;-0.1336229294538498;-1.026633143424988;-0.03321707621216774;0;0
2718;539;-0.1408252269029617;-1.030784368515015;-0.03590257465839386;0;0
2723;540;-0.1430221647024155;-1.032492756843567;-0.03358271718025208;0;0
2728;541;-0.142533615231514;-1.03127133846283;-0.03016438707709312;0;0
2733;542;-0.1419236958026886;-1.030417084693909;-0.031141497194767;0;0
2738;543;-0.1431450843811035;-1.02858579158783;-0.02992010861635208;0;0
2748;544;-0.1408252269029617;-1.02858579158783;-0.03150713443756104;0;0
2754;545;-0.1422908902168274;-1.033469796180725;-0.02955447137355804;0;0
2760;546;-0.1387496441602707;-1.032737016677856;-0.031141497194767;0;0
2760;547;-0.1367969810962677;-1.03127133846283;-0.03236132860183716;0;0
2765;548;-0.1380183696746826;-1.03261411190033;-0.03346135467290878;0;0
2769;549;-0.1367969810962677;-1.030051469802856;-0.03468118607997894;0;0
2773;550;-0.1337458491325378;-1.030051469802856;-0.03468118607997894;0;0
2778;551;-0.1330130100250244;-1.029197335243225;-0.0362682119011879;0;0
2783;552;-0.1314259916543961;-1.031515598297119;-0.0362682119011879;0;0
2789;553;-0.1319145411252976;-1.030661344528198;-0.03577965870499611;0;0
2797;554;-0.1305717974901199;-1.03127133846283;-0.03602393716573715;0;0
2802;555;-0.1295946836471558;-1.025534629821777;-0.03480410575866699;0;0
2808;556;-0.1272763758897781;-1.024680495262146;-0.04005218297243118;0;0
2812;557;-0.130450427532196;-1.031515598297119;-0.03565829619765282;0;0
2814;558;-0.1371641755104065;-1.035422444343567;-0.03248424455523491;0;0
2818;559;-0.1367969810962677;-1.032858371734619;-0.03333843871951103;0;0
2824;560;-0.1369199007749558;-1.031515598297119;-0.02870027720928192;0;0
2829;561;-0.1400923877954483;-1.031028628349304;-0.02699189074337483;0;0
2834;562;-0.1397267580032349;-1.032127022743225;-0.02503767050802708;0;0
2845;563;-0.139605388045311;-1.028220176696777;-0.02662469632923603;0;0
2846;564;-0.1359427869319916;-1.027244687080383;-0.029310192912817;0;0
2851;565;-0.1407038569450378;-1.028220176696777;-0.03028730303049088;0;0
2856;566;-0.1380183696746826;-1.029441595077515;-0.02918883226811886;0;0
2861;567;-0.1369199007749558;-1.028708696365356;-0.02857736125588417;0;0
2865;568;-0.1387496441602707;-1.030905723571777;-0.03199569135904312;0;0
2869;569;-0.1380183696746826;-1.030295729637146;-0.03126285597681999;0;0
2874;570;-0.1380183696746826;-1.029074430465698;-0.03651249036192894;0;0
2879;571;-0.1377740949392319;-1.029807209968567;-0.03907507285475731;0;0
2884;572;-0.1385069191455841;-1.031149983406067;-0.03504682704806328;0;0
2893;573;-0.1382626444101334;-1.029685854911804;-0.0362682119011879;0;0
2899;574;-0.1321588158607483;-1.022972106933594;-0.03761096298694611;0;0
2900;575;-0.1349656730890274;-1.030295729637146;-0.04188348352909088;0;0
2909;576;-0.1399710327386856;-1.030784368515015;-0.03577965870499611;0;0
2910;577;-0.1394824832677841;-1.030905723571777;-0.03187432885169983;0;0
2914;578;-0.1383839994668961;-1.030905723571777;-0.03590257465839386;0;0
2920;579;-0.1358214318752289;-1.028952956199646;-0.03504682704806328;0;0
2925;580;-0.1349656730890274;-1.029074430465698;-0.03822087869048119;0;0
2930;581;-0.1359427869319916;-1.030661344528198;-0.03675676882266998;0;0
2934;582;-0.1359427869319916;-1.029562950134277;-0.03590257465839386;0;0
2942;583;-0.1353328675031662;-1.029685854911804;-0.03822087869048119;0;0
2948;584;-0.1349656730890274;-1.032248377799988;-0.042737677693367;0;0
2952;585;-0.1355771422386169;-1.032248377799988;-0.03675676882266998;0;0
2957;586;-0.1358214318752289;-1.029074430465698;-0.03993082046508789;0;0
2960;587;-0.1367969810962677;-1.029807209968567;-0.04090637341141701;0;0
2965;588;-0.1358214318752289;-1.032004117965698;-0.03809951618313789;0;0
2970;589;-0.1376511752605438;-1.026388883590698;-0.03175141289830208;0;0
2975;590;-0.138628289103508;-1.028708696365356;-0.03858807310461998;0;0
2980;591;-0.138628289103508;-1.030784368515015;-0.03590257465839386;0;0
2996;592;-0.140580952167511;-1.029441595077515;-0.04139493033289909;0;0
2996;593;-0.1374069005250931;-1.029441595077515;-0.04090637341141701;0;0
3004;594;-0.1355771422386169;-1.030784368515015;-0.03822087869048119;0;0
3004;595;-0.1369199007749558;-1.028952956199646;-0.03907507285475731;0;0
3010;596;-0.1392381936311722;-1.030539989471436;-0.03993082046508789;0;0
3015;597;-0.138628289103508;-1.033346891403198;-0.04200484603643417;0;0
3016;598;-0.1422908902168274;-1.035911083221436;-0.04249339923262596;0;0
3021;599;-0.139605388045311;-1.037009477615356;-0.04334759339690208;0;0
3026;600;-0.1408252269029617;-1.041159152984619;-0.04322623461484909;0;0
3031;601;-0.1424122452735901;-1.043967485427856;-0.04347050935029984;0;0
3043;602;-0.1361870616674423;-1.04091489315033;-0.04481326043605804;0;0
3043;603;-0.1369199007749558;-1.037009477615356;-0.04554453492164612;0;0
3050;604;-0.1356985121965408;-1.033225536346436;-0.04676592350006104;0;0
3056;605;-0.1378954499959946;-1.035666704177856;-0.04908578097820282;0;0
3061;606;-0.1378954499959946;-1.03395676612854;-0.04444606602191925;0;0
3061;607;-0.1347213983535767;-1.032371401786804;-0.04469034448266029;0;0
3066;608;-0.1297176033258438;-1.028708696365356;-0.05091553181409836;0;0
3071;609;-0.1277649402618408;-1.025901913642883;-0.05201400071382523;0;0
3076;610;-0.1270321011543274;-1.024314880371094;-0.05054989084601402;0;0
3081;611;-0.1243466064333916;-1.024801850318909;-0.05213691666722298;0;0
3090;612;-0.1238580495119095;-1.026511788368225;-0.05506669357419014;0;0
3096;613;-0.1219053864479065;-1.026877403259277;-0.05103844776749611;0;0
3101;614;-0.1239809617400169;-1.027244687080383;-0.04859722778201103;0;0
3102;615;-0.1234924122691155;-1.028830051422119;-0.05140408501029015;0;0
3107;616;-0.1250794380903244;-1.029074430465698;-0.05091553181409836;0;0
3111;617;-0.126422181725502;-1.028098821640015;-0.04835294932126999;0;0
3116;618;-0.1259336322546005;-1.029807209968567;-0.046400286257267;0;0
3121;619;-0.1288634091615677;-1.028343081474304;-0.04578881338238716;0;0
3126;620;-0.1284962147474289;-1.026511788368225;-0.04652164503931999;0;0
3133;621;-0.1313046216964722;-1.027610301971436;-0.04212776198983192;0;0
3138;622;-0.130327507853508;-1.02992856502533;-0.03700104728341103;0;0
3142;623;-0.1355771422386169;-1.029807209968567;-0.03236132860183716;0;0
3149;624;-0.1354542374610901;-1.030905723571777;-0.032972801476717;0;0
3153;625;-0.1367969810962677;-1.03127133846283;-0.03211860731244087;0;0
3157;626;-0.1392381936311722;-1.027731657028198;-0.03065294213593006;0;0
3162;627;-0.1378954499959946;-1.026511788368225;-0.03284988179802895;0;0
3168;628;-0.1354542374610901;-1.027854561805725;-0.03602393716573715;0;0
3172;629;-0.1360641419887543;-1.027121663093567;-0.03321707621216774;0;0
3177;630;-0.1364313364028931;-1.027244687080383;-0.03370407596230507;0;0
3187;631;-0.1328916549682617;-1.027366042137146;-0.03785523772239685;0;0
3193;632;-0.1344786733388901;-1.028220176696777;-0.03761096298694611;0;0
3193;633;-0.1350885927677155;-1.030172824859619;-0.03858807310461998;0;0
3198;634;-0.1367969810962677;-1.030295729637146;-0.03761096298694611;0;0
3204;635;-0.1302061527967453;-1.030784368515015;-0.04054073616862297;0;0
3207;636;-0.1306947022676468;-1.027487397193909;-0.04078501462936401;0;0
3212;637;-0.1315488964319229;-1.032248377799988;-0.03748960047960281;0;0
3217;638;-0.1328916549682617;-1.030417084693909;-0.03687812760472298;0;0
3222;639;-0.1338672041893005;-1.029074430465698;-0.03663385286927223;0;0
3227;640;-0.1336229294538498;-1.028098821640015;-0.04017509892582893;0;0
3235;641;-0.1337458491325378;-1.026267528533936;-0.03980790451169014;0;0
3240;642;-0.1330130100250244;-1.030784368515015;-0.04383615031838417;0;0
3245;643;-0.1338672041893005;-1.031149983406067;-0.04395906627178192;0;0
3250;644;-0.1337458491325378;-1.029318690299988;-0.04359187185764313;0;0
3252;645;-0.1326473653316498;-1.03127133846283;-0.04408042505383492;0;0
3257;646;-0.1337458491325378;-1.032127022743225;-0.04517889767885208;0;0
3262;647;-0.1342343986034393;-1.031882762908936;-0.04163920879364014;0;0
3267;648;-0.1382626444101334;-1.034324049949646;-0.04383615031838417;0;0
3272;649;-0.1364313364028931;-1.036276698112488;-0.04505753517150879;0;0
3278;650;-0.1369199007749558;-1.035056829452515;-0.04505753517150879;0;0
3285;651;-0.1421679705381393;-1.038107991218567;-0.04676592350006104;0;0
3294;652;-0.1397267580032349;-1.034445405006409;-0.04444606602191925;0;0
3297;653;-0.1394824832677841;-1.033591151237488;-0.04347050935029984;0;0
3298;654;-0.1327687352895737;-1.03127133846283;-0.04151628911495209;0;0
3303;655;-0.1393611133098602;-1.032858371734619;-0.04237204045057297;0;0
3308;656;-0.1444878280162811;-1.034933924674988;-0.03822087869048119;0;0
3313;657;-0.145586296916008;-1.034445405006409;-0.03809951618313789;0;0
3318;658;-0.143510714173317;-1.033835411071777;-0.03675676882266998;0;0
3323;659;-0.141558051109314;-1.032737016677856;-0.03480410575866699;0;0
3332;660;-0.138628289103508;-1.031394243240356;-0.03651249036192894;0;0
3337;661;-0.1388725638389587;-1.029685854911804;-0.032972801476717;0;0
3342;662;-0.1407038569450378;-1.02858579158783;-0.02955447137355804;0;0
3343;663;-0.1393611133098602;-1.028830051422119;-0.03053158149123192;0;0
3348;664;-0.1403366625308991;-1.028343081474304;-0.032972801476717;0;0
3354;665;-0.1393611133098602;-1.029318690299988;-0.03541402146220207;0;0
3358;666;-0.1407038569450378;-1.030295729637146;-0.04005218297243118;0;0
3363;667;-0.1403366625308991;-1.031515598297119;-0.03724532201886177;0;0
3368;668;-0.1420466154813767;-1.031759858131409;-0.03516974300146103;0;0
3374;669;-0.1437550038099289;-1.032004117965698;-0.03870943188667297;0;0
3381;670;-0.1408252269029617;-1.030905723571777;-0.03590257465839386;0;0
3386;671;-0.1447321027517319;-1.030172824859619;-0.0362682119011879;0;0
3391;672;-0.1438763588666916;-1.030784368515015;-0.03651249036192894;0;0
3396;673;-0.143633633852005;-1.028464436531067;-0.0362682119011879;0;0
3398;674;-0.147538959980011;-1.027610301971436;-0.03529110178351402;0;0
3404;675;-0.1471733301877976;-1.024436235427856;-0.03394835442304611;0;0
3409;676;-0.1449763923883438;-1.023337721824646;-0.03321707621216774;0;0
3414;677;-0.1470504105091095;-1.023703336715698;-0.03102013655006886;0;0
3419;678;-0.1459519416093826;-1.026877403259277;-0.03065294213593006;0;0
3425;679;-0.1442435532808304;-1.023826241493225;-0.03150713443756104;0;0
3430;680;-0.1448534727096558;-1.024801850318909;-0.03028730303049088;0;0
3435;681;-0.1460748612880707;-1.029197335243225;-0.02882163785398006;0;0
3440;682;-0.1444878280162811;-1.028464436531067;-0.0296773873269558;0;0
3446;683;-0.144609197974205;-1.02858579158783;-0.03016438707709312;0;0
3449;684;-0.1448534727096558;-1.027975916862488;-0.0276018064469099;0;0
3454;685;-0.1403366625308991;-1.027610301971436;-0.02772316709160805;0;0
3459;686;-0.1411908566951752;-1.028464436531067;-0.029310192912817;0;0
3464;687;-0.1424122452735901;-1.027487397193909;-0.02833463810384274;0;0
3469;688;-0.1399710327386856;-1.027366042137146;-0.03370407596230507;0;0
3478;689;-0.1376511752605438;-1.024924755096436;-0.02870027720928192;0;0
3483;690;-0.1369199007749558;-1.021994948387146;-0.03333843871951103;0;0
3489;691;-0.1421679705381393;-1.027487397193909;-0.03077585808932781;0;0
3494;692;-0.1460748612880707;-1.026144623756409;-0.0276018064469099;0;0
3497;693;-0.1471733301877976;-1.028343081474304;-0.02686897292733192;0;0
3499;694;-0.1398481130599976;-1.030295729637146;-0.02723461203277111;0;0
3504;695;-0.1388725638389587;-1.028098821640015;-0.03126285597681999;0;0
3510;696;-0.1360641419887543;-1.028343081474304;-0.027478888630867;0;0
3514;697;-0.1392381936311722;-1.030539989471436;-0.02845599874854088;0;0
3520;698;-0.1408252269029617;-1.031394243240356;-0.03321707621216774;0;0
3525;699;-0.145586296916008;-1.030661344528198;-0.02796744368970394;0;0
3530;700;-0.1443649083375931;-1.029685854911804;-0.02699189074337483;0;0
3538;701;-0.143510714173317;-1.030295729637146;-0.02821172215044498;0;0
3542;702;-0.146561861038208;-1.030051469802856;-0.02320792153477669;0;0
3547;703;-0.1452191025018692;-1.030784368515015;-0.02223081141710281;0;0
3550;704;-0.1453420221805573;-1.032127022743225;-0.02454911544919014;0;0
3555;705;-0.1416794210672379;-1.034568309783936;-0.02357356064021587;0;0
3560;706;-0.1464404910802841;-1.030539989471436;-0.02186517417430878;0;0
3565;707;-0.1468061357736588;-1.028098821640015;-0.022596450522542;0;0
3571;708;-0.1444878280162811;-1.029318690299988;-0.01954531483352184;0;0
3576;709;-0.1472946852445602;-1.02992856502533;-0.01856820471584797;0;0
3581;710;-0.1460748612880707;-1.031759858131409;-0.0208880640566349;0;0
3587;711;-0.144609197974205;-1.032248377799988;-0.02039950899779797;0;0
3591;712;-0.1439992785453796;-1.032981276512146;-0.01881248317658901;0;0
3595;713;-0.1409481465816498;-1.035056829452515;-0.01502851489931345;0;0
3601;714;-0.1404595822095871;-1.033835411071777;-0.0116101847961545;0;0
3605;715;-0.136308416724205;-1.031882762908936;-0.01332012750208378;0;0
3610;716;-0.1364313364028931;-1.030417084693909;-0.01332012750208378;0;0
3615;717;-0.134355753660202;-1.030417084693909;-0.01246593426913023;0;0
3625;718;-0.1330130100250244;-1.029807209968567;-0.01319721061736345;0;0
3630;719;-0.1317931860685349;-1.02858579158783;-0.01307584997266531;0;0
3631;720;-0.1335015594959259;-1.030417084693909;-0.01405296009033918;0;0
3639;721;-0.1320358961820602;-1.031638503074646;-0.01405296009033918;0;0
3641;722;-0.1271534562110901;-1.032371401786804;-0.01576134748756886;0;0
3646;723;-0.126422181725502;-1.035422444343567;-0.01563842967152596;0;0
3651;724;-0.1238580495119095;-1.035666704177856;-0.01576134748756886;0;0
3656;725;-0.1206839978694916;-1.039695024490356;-0.009780436754226685;0;0
3661;726;-0.1160458326339722;-1.039206504821777;-0.01148882415145636;0;0
3666;727;-0.1142145320773125;-1.040670514106751;-0.008803326636552811;0;0
3675;728;-0.1056710407137871;-1.041647672653198;-0.01222165673971176;0;0
3679;729;-0.1043282896280289;-1.046774387359619;-0.01197737921029329;0;0
3684;730;-0.1006656885147095;-1.048361420631409;-0.005140719935297966;0;0
3688;731;-0.09383058547973633;-1.046895742416382;-0.005507913883775473;0;0
3693;732;-0.09395194053649902;-1.046895742416382;-0.001601029187440872;0;0
3696;733;-0.08845958858728409;-1.047628521919251;0.0004729960055556148;0;0
3701;734;-0.08223439753055573;-1.042746186256409;0.004014242440462112;0;0
3706;735;-0.07869315147399902;-1.044698834419251;0.007186738774180412;0;0
3711;736;-0.0745435506105423;-1.045431613922119;0.01182645559310913;0;0
3718;737;-0.06978247314691544;-1.046774387359619;0.005356990732252598;0;0
3723;738;-0.06624277681112289;-1.04653012752533;0.007431016303598881;0;0
3728;739;-0.06660997122526169;-1.049825549125671;0.008408126421272755;0;0
3737;740;-0.06721989065408707;-1.056417942047119;0.001571467029862106;0;0
3737;741;-0.06990538537502289;-1.059592008590698;-0.002333861775696278;0;0
3742;742;-0.07185804843902588;-1.06313169002533;-0.008314771577715874;0;0
3747;743;-0.07149241119623184;-1.06447434425354;-0.01173310168087483;0;0
3752;744;-0.07283516228199005;-1.064840078353882;-0.02039950899779797;0;0
3757;745;-0.0796702653169632;-1.062764406204224;-0.02589186280965805;0;0
3763;746;-0.08381987363100052;-1.062033176422119;-0.0326056070625782;0;0
3775;747;-0.08626264333724976;-1.057150721549988;-0.03504682704806328;0;0
3775;748;-0.08992369472980499;-1.054098010063171;-0.03480410575866699;0;0
3782;749;-0.09321910887956619;-1.051535487174988;-0.02918883226811886;0;0
3788;750;-0.09688171744346619;-1.048361420631409;-0.02308500558137894;0;0
3788;751;-0.1006656885147095;-1.042013287544251;-0.01746973395347595;0;0
3797;752;-0.1007870435714722;-1.04091489315033;-0.01624990254640579;0;0
3797;753;-0.1104305610060692;-1.046895742416382;-0.02271936647593975;0;0
3802;754;-0.1177542209625244;-1.049338579177856;-0.02210789546370506;0;0
3808;755;-0.1179985031485558;-1.054098010063171;-0.02577050216495991;0;0
3812;756;-0.1237366870045662;-1.053976655006409;-0.02796744368970394;0;0
3819;757;-0.1184870526194572;-1.051291227340698;-0.04041782021522522;0;0
3824;758;-0.1149473637342453;-1.04653012752533;-0.05518805235624313;0;0
3828;759;-0.1039610952138901;-1.047140002250671;-0.06715142726898193;0;0
3834;760;-0.0894351452589035;-1.044698834419251;-0.07496364414691925;0;0
3838;761;-0.0795489028096199;-1.042990446090698;-0.07789342105388641;0;0
3842;762;-0.06721989065408707;-1.040304899215698;-0.07227814942598343;0;0
3847;763;-0.05208401754498482;-1.032981276512146;-0.06275598704814911;0;0
3852;764;-0.04268477857112885;-1.030784368515015;-0.06263463199138641;0;0
3857;765;-0.03536111861467362;-1.02858579158783;-0.06983692944049835;0;0
3864;766;-0.0105817299336195;-1.020530939102173;-0.08082163333892822;0;0
3868;767;0.009438137523829937;-1.013449907302856;-0.07764913886785507;0;0
3875;768;0.03849004954099655;-1.002707958221436;-0.06763842701911926;0;0
3885;769;0.05740988999605179;-1.002707958221436;-0.04847431182861328;0;0
3885;770;0.05643277987837791;-1.010277509689331;-0.0208880640566349;0;0
3888;771;0.0536259226500988;-1.011375904083252;0.005478351842612028;0;0
3893;772;0.05216025561094284;-1.009665966033936;0.02073714137077332;0;0
3898;773;0.05911827832460403;-1.001853823661804;0.02220124937593937;0;0
3903;774;0.06912743300199509;-0.989524781703949;0.01011651288717985;0;0
3908;775;0.08035797625780106;-0.9830552935600281;-0.01661553978919983;0;0
3914;776;0.07767248153686523;-0.9832995533943176;-0.03358271718025208;0;0
3920;777;0.05985110998153687;-0.9935529828071594;-0.04725448042154312;0;0
3925;778;0.0317763052880764;-1.008934736251831;-0.06422165781259537;0;0
3929;779;3.889769868692383e-05;-1.025046110153198;-0.0730094239115715;0;0
3933;780;-0.01680691726505756;-1.03798508644104;-0.0816773846745491;0;0
3938;781;-0.02181071788072586;-1.045065999031067;-0.09986439347267151;0;0
3943;782;-0.01460997480899096;-1.05324387550354;-0.1124376878142357;0;0
3948;783;-0.01082445122301579;-1.062520146369934;-0.1151231825351715;0;0
3953;784;-0.0094817029312253;-1.06715989112854;-0.1086537167429924;0;0
3958;785;-0.02059088461101055;-1.075216412544251;-0.07947888970375061;0;0
3966;786;-0.03572675585746765;-1.075216412544251;-0.05079416930675507;0;0
3971;787;-0.04329469427466393;-1.064107179641724;-0.03516974300146103;0;0
3976;788;-0.05330384895205498;-1.037863731384277;-0.03004302643239498;0;0
3980;789;-0.07564201951026917;-1.010643124580383;-0.0326056070625782;0;0
3984;790;-0.1022527143359184;-0.9803698062896729;-0.03870943188667297;0;0
3989;791;-0.1332572847604752;-0.9557133316993713;-0.02662469632923603;0;0
3993;792;-0.1635290384292603;-0.9300797581672669;-0.029310192912817;0;0
3999;793;-0.1870885938405991;-0.9043232202529907;-0.05054989084601402;0;0
4005;794;-0.2146748304367065;-0.8882102370262146;-0.08472852408885956;0;0
4009;795;-0.2460466027259827;-0.8797881007194519;-0.1223254799842835;0;0
4014;796;-0.2880374491214752;-0.882962167263031;-0.1463720351457596;0;0
4021;797;-0.3297840058803558;-0.8874789476394653;-0.1788407266139984;0;0
4028;798;-0.3629855215549469;-0.8991965055465698;-0.1981277614831924;0;0
4029;799;-0.3978970050811768;-0.9093285799026489;-0.2060613334178925;0;0
4034;800;-0.416449636220932;-0.9085957407951355;-0.2214430421590805;0;0
4039;801;-0.3767786622047424;-0.9085957407951355;-0.2730758488178253;0;0
4044;802;-0.2797366678714752;-0.9004179239273071;-0.3093300461769104;0;0
4049;803;-0.2627695202827454;-0.9110369682312012;-0.270268976688385;0;0
4054;804;-0.3338122665882111;-0.9437515139579773;-0.2657521963119507;0;0
4063;805;-0.3355206549167633;-0.958154559135437;-0.282475084066391;0;0
4067;806;-0.2815679907798767;-0.9601072072982788;-0.2249827235937119;0;0
4070;807;-0.247877910733223;-0.9679194092750549;-0.1771323382854462;0;0
4074;808;-0.211502343416214;-0.9848865866661072;-0.1886071562767029;0;0
4080;809;-0.1703656911849976;-0.9872064590454102;-0.2242498993873596;0;0
4084;810;-0.1243466064333916;-0.982201099395752;-0.2659964561462402;0;0
4089;811;-0.07478782534599304;-0.9597415924072266;-0.3112827241420746;0;0
4094;812;-0.04170766845345497;-0.9343522787094116;-0.3541277647018433;0;0
4099;813;-0.02864737622439861;-0.915309488773346;-0.3956300318241119;0;0
4105;814;-0.02632751688361168;-0.8954125642776489;-0.432128518819809;0;0
4110;815;-0.03658095002174377;-0.8805209398269653;-0.4471414685249329;0;0
4117;816;-0.05745501071214676;-0.8684362173080444;-0.4394521713256836;0;0
4122;817;-0.08845958858728409;-0.8597698211669922;-0.4156498908996582;0;0
4127;818;-0.1206839978694916;-0.8550087213516235;-0.3819582760334015;0;0
4130;819;-0.149614542722702;-0.854764461517334;-0.3551048636436462;0;0
4135;820;-0.1665817201137543;-0.847440779209137;-0.3359407484531403;0;0
4140;821;-0.180984765291214;-0.8457323908805847;-0.3216590583324432;0;0
4145;822;-0.1894068866968155;-0.8479293584823608;-0.2985880672931671;0;0
4150;823;-0.1957549899816513;-0.8441453576087952;-0.278569757938385;0;0
4160;824;-0.1992946863174439;-0.8371873497962952;-0.2828407287597656;0;0
4164;825;-0.1894068866968155;-0.8337690234184265;-0.3289827108383179;0;0
4168;826;-0.1697557717561722;-0.836333155632019;-0.3837895691394806;0;0
4172;827;-0.1380183696746826;-0.838162899017334;-0.4376208782196045;0;0
4177;828;-0.1016427949070931;-0.840848445892334;-0.4853483438491821;0;0
4180;829;-0.05623362213373184;-0.8393843173980713;-0.5060995221138001;0;0
4186;830;-0.02339774370193481;-0.837675929069519;-0.5201368927955627;0;0
4190;831;0.003212949726730585;-0.8423140645027161;-0.5495560169219971;0;0
4195;832;0.006996918004006147;-0.8543988466262817;-0.5772651433944702;0;0
4200;833;-0.0009382124408148229;-0.8751499652862549;-0.6154704689979553;0;0
4205;834;-0.01827102713286877;-0.8971209526062012;-0.6381758451461792;0;0
4211;835;-0.04537027329206467;-0.9095728397369385;-0.6231613159179688;0;0
4220;836;-0.07063821703195572;-0.9347178936004639;-0.5971605777740479;0;0
4221;837;-0.1155572831630707;-0.9519293308258057;-0.5367384552955627;0;0
4226;838;-0.1553511768579483;-0.9695064425468445;-0.4958460628986359;0;0
4231;839;-0.2035672068595886;-0.9843980073928833;-0.4807102084159851;0;0
4236;840;-0.2549572885036469;-0.9959942102432251;-0.4536109566688538;0;0
4241;841;-0.298290878534317;-0.9947744011878967;-0.4218750894069672;0;0
4246;842;-0.3217275142669678;-0.95778888463974;-0.4310300648212433;0;0
4251;843;-0.3428443074226379;-0.9020049571990967;-0.484494149684906;0;0
4261;844;-0.3718962073326111;-0.8353560566902161;-0.5288048386573792;0;0
4261;845;-0.4138870537281036;-0.7585766911506653;-0.5416208505630493;0;0
4267;846;-0.4710137844085693;-0.6697125434875488;-0.5330773591995239;0;0
4277;847;-0.5294832587242127;-0.5792614221572876;-0.540401041507721;0;0
4277;848;-0.592590868473053;-0.5022377371788025;-0.5518743395805359;0;0
4282;849;-0.6491076350212097;-0.4292423129081726;-0.5761666893959045;0;0
4287;850;-0.711239755153656;-0.3832232356071472;-0.6133964657783508;0;0
4292;851;-0.7523763775825501;-0.3347629308700562;-0.6801667213439941;0;0
4297;852;-0.7747145295143127;-0.2953362166881561;-0.6973781585693359;0;0
4303;853;-0.7792298197746277;-0.2717782258987427;-0.6476964354515076;0;0
4309;854;-0.7682451009750366;-0.2567636966705322;-0.5620063543319702;0;0
4314;855;-0.7504221796989441;-0.2457774430513382;-0.4703353941440582;0;0
4317;856;-0.7057473659515381;-0.2522468864917755;-0.4176025688648224;0;0
4322;857;-0.6421496272087097;-0.2676270604133606;-0.409667432308197;0;0
4326;858;-0.5560939311981201;-0.2911866009235382;-0.4576391875743866;0;0
4331;859;-0.4583191275596619;-0.3342759311199188;-0.5060995221138001;0;0
4336;860;-0.3519992828369141;-0.3990919291973114;-0.5012170672416687;0;0
4342;861;-0.2573985159397125;-0.4756270349025726;-0.4647201299667358;0;0
4346;862;-0.1858672052621841;-0.5508209466934204;-0.4418933987617493;0;0
4357;863;-0.1408252269029617;-0.6047736406326294;-0.4597147703170776;0;0
4364;864;-0.1062809601426125;-0.6401720643043518;-0.5305132269859314;0;0
4364;865;-0.06294736266136169;-0.6654400229454041;-0.6118094325065613;0;0
4369;866;-0.04109775274991989;-0.6761820316314697;-0.6763827204704285;0;0
4373;867;-0.03218706697225571;-0.6771591305732727;-0.7151995301246643;0;0
4378;868;-0.05623362213373184;-0.6728866100311279;-0.7454712390899658;0;0
4382;869;-0.1057924032211304;-0.6566522717475891;-0.7881949543952942;0;0
4387;870;-0.1642618626356125;-0.64517742395401;-0.8483728170394898;0;0
4392;871;-0.2029572874307632;-0.6435903906822205;-0.8896307945251465;0;0
4397;872;-0.2202901095151901;-0.6433461308479309;-0.8914620876312256;0;0
4405;873;-0.2235855162143707;-0.6510369777679443;-0.852035403251648;0;0
4409;874;-0.2350603491067886;-0.6723980307579041;-0.7991812229156494;0;0
4412;875;-0.2835206389427185;-0.6913179159164429;-0.7759872674942017;0;0
4417;876;-0.3502908945083618;-0.7109705805778503;-0.7939315438270569;0;0
4422;877;-0.4080274999141693;-0.7269622087478638;-0.8565521836280823;0;0
4427;878;-0.4761404991149902;-0.7380698323249817;-0.9567682147026062;0;0
4432;879;-0.5109290480613709;-0.742586612701416;-1.012673497200012;0;0
4437;880;-0.5094649195671082;-0.7348957657814026;-0.9723926782608032;0;0
4442;881;-0.4638114869594574;-0.7038911581039429;-0.8470300436019898;0;0
4448;882;-0.397285521030426;-0.6526240110397339;-0.6923727989196777;0;0
4456;883;-0.3357649147510529;-0.5868293642997742;-0.5753109455108643;0;0
4465;884;-0.298290878534317;-0.5199377536773682;-0.5413765907287598;0;0
4466;885;-0.2805908620357513;-0.4626881182193756;-0.5728697180747986;0;0
4469;886;-0.268017590045929;-0.4025102555751801;-0.6260911226272583;0;0
4473;887;-0.2711916267871857;-0.3541728854179382;-0.6655178070068359;0;0
4477;888;-0.2914542257785797;-0.2959461212158203;-0.6938369274139404;0;0
4483;889;-0.291332870721817;-0.2446789592504501;-0.6799224019050598;0;0
4488;890;-0.2886473536491394;-0.1935331672430039;-0.6550201177597046;0;0
4493;891;-0.2999992668628693;-0.163017138838768;-0.6600254774093628;0;0
4498;892;-0.3112298250198364;-0.1506881266832352;-0.6729643940925598;0;0
4503;893;-0.3028076887130737;-0.1666781902313232;-0.6833391785621643;0;0
4509;894;-0.3161122500896454;-0.1991484314203262;-0.7133682370185852;0;0
4518;895;-0.3548076748847961;-0.2493171244859695;-0.7750117182731628;0;0
4519;896;-0.4116901159286499;-0.3025385141372681;-0.8633872866630554;0;0
4524;897;-0.4750420153141022;-0.3511201739311218;-0.9300346374511719;0;0
4528;898;-0.5291175842285156;-0.3950636982917786;-0.9513972401618958;0;0
4534;899;-0.5766007900238037;-0.4357117712497711;-0.9255193471908569;0;0
4538;900;-0.6209114789962769;-0.4603697955608368;-0.9034254550933838;0;0
4543;901;-0.639708399772644;-0.4665949940681458;-0.8876781463623047;0;0
4553;902;-0.6672962307929993;-0.4597598910331726;-0.8708338737487793;0;0
4558;903;-0.7113611102104187;-0.423994243144989;-0.8561850190162659;0;0
4563;904;-0.7405359148979187;-0.3641820251941681;-0.8273773789405823;0;0
4567;905;-0.7396817207336426;-0.2886224687099457;-0.7845323085784912;0;0
4569;906;-0.7418786883354187;-0.2133087515830994;-0.804063618183136;0;0
4574;907;-0.738094687461853;-0.1442186534404755;-0.8204193711280823;0;0
4579;908;-0.731136679649353;-0.08965452760457993;-0.7903918623924255;0;0
4584;909;-0.7149023413658142;-0.06621788442134857;-0.7582888603210449;0;0
4589;910;-0.717220664024353;-0.07927972823381424;-0.7907575368881226;0;0
4595;911;-0.6993992924690247;-0.1074774488806725;-0.8867010474205017;0;0
4602;912;-0.6257939338684082;-0.1420217156410217;-0.9643361568450928;0;0
4607;913;-0.5034840106964111;-0.1790072023868561;-0.9848430156707764;0;0
4612;914;-0.3491924107074738;-0.2311301231384277;-0.939801037311554;0;0
4616;915;-0.2262710183858872;-0.2759278118610382;-0.916607141494751;0;0
4620;916;-0.1959992796182632;-0.2736079692840576;-0.9542040824890137;0;0
4626;917;-0.2027130126953125;-0.2374766618013382;-0.9881384372711182;0;0
4629;918;-0.2189473658800125;-0.1890163570642471;-0.9518842101097107;0;0
4634;919;-0.2683847844600678;-0.1235888749361038;-0.8681483864784241;0;0
4639;920;-0.3522435426712036;-0.03960874676704407;-0.8687583208084106;0;0
4652;921;-0.443914532661438;0.04620424285531044;-0.9266178607940674;0;0
4652;922;-0.5216709971427918;0.1156599670648575;-0.8974429965019226;0;0
4656;923;-0.5647603273391724;0.1585050076246262;-0.8460544943809509;0;0
4661;924;-0.5769664645195007;0.2037912607192993;-0.8276216387748718;0;0
4665;925;-0.6328732967376709;0.224421039223671;-0.8514239192008972;0;0
4670;926;-0.6571641564369202;0.2523729205131531;-0.8314056396484375;0;0
4675;927;-0.6533802151679993;0.2802050113677979;-0.7858750820159912;0;0
4680;928;-0.6292107105255127;0.2908240854740143;-0.735217809677124;0;0
4685;929;-0.6079725623130798;0.2844775319099426;-0.72459876537323;0;0
4689;930;-0.5919809341430664;0.2672660946846008;-0.7615842223167419;0;0
4696;931;-0.5763565301895142;0.2374813407659531;-0.7969827055931091;0;0
4701;932;-0.5757465958595276;0.2065981179475784;-0.8334811925888062;0;0
4705;933;-0.5722069144248962;0.1696126312017441;-0.8378750681877136;0;0
4710;934;-0.5659817457199097;0.1349454522132874;-0.8394621014595032;0;0
4715;935;-0.582460343837738;0.1022324860095978;-0.9294247031211853;0;0
4720;936;-0.6099252104759216;0.09014774858951569;-1.045632362365723;0;0
4725;937;-0.6179817318916321;0.1068706437945366;-1.087134599685669;0;0
4730;938;-0.6150519251823425;0.1417821049690247;-1.037208676338196;0;0
4735;939;-0.6190801858901978;0.1882881969213486;-0.9809361696243286;0;0
4745;940;-0.6580183506011963;0.2379698902368546;-0.9877728223800659;0;0
4750;941;-0.7243000268936157;0.2855760157108307;-1.019142985343933;0;0
4750;942;-0.7595770955085754;0.3292752206325531;-1.033180475234985;0;0
4756;943;-0.7700748443603516;0.3774912655353546;-1.033059000968933;0;0
4760;944;-0.7284511923789978;0.420457661151886;-1.01523768901825;0;0
4765;945;-0.6819435358047485;0.4446271359920502;-0.9994903206825256;0;0
4770;946;-0.643371045589447;0.4510965943336487;-1.009133815765381;0;0
4775;947;-0.6162717938423157;0.4343737065792084;-1.015968918800354;0;0
4780;948;-0.5762351751327515;0.4171622395515442;-1.006569743156433;0;0
4785;949;-0.5425450801849365;0.4010492563247681;-0.9423636198043823;0;0
4794;950;-0.5338771343231201;0.3816408812999725;-0.8899980187416077;0;0
4800;951;-0.5308259725570679;0.3734630048274994;-0.868635356426239;0;0
4805;952;-0.5393710136413574;0.3757828772068024;-0.8539880514144898;0;0
4806;953;-0.547304630279541;0.3912843763828278;-0.81736820936203;0;0
4811;954;-0.5626847743988037;0.4031248390674591;-0.7667109370231628;0;0
4816;955;-0.5963748097419739;0.4143553972244263;-0.7715933918952942;0;0
4821;956;-0.6511832475662231;0.4222889542579651;-0.8231048583984375;0;0
4826;957;-0.684019148349762;0.433640867471695;-0.8583819270133972;0;0
4831;958;-0.6784038543701172;0.4443828463554382;-0.8655842542648315;0;0
4836;959;-0.6677848100662231;0.45597904920578;-0.8762032985687256;0;0
4843;960;-0.6696145534515381;0.4694065153598785;-0.9037911295890808;0;0
4848;961;-0.6776710152626038;0.4902805984020233;-0.932843029499054;0;0
4854;962;-0.6898787021636963;0.4988240599632263;-0.9454147815704346;0;0
4858;963;-0.6963481307029724;0.4982141554355621;-0.9322315454483032;0;0
4861;964;-0.6915870308876038;0.4916233420372009;-0.8970773816108704;0;0
4867;965;-0.6769397258758545;0.4791713953018189;-0.8836498856544495;0;0
4871;966;-0.6637565493583679;0.4750218093395233;-0.879256010055542;0;0
4876;967;-0.6627794504165649;0.477097362279892;-0.903668224811554;0;0
4881;968;-0.6473992466926575;0.4884492754936218;-0.9177071452140808;0;0
4888;969;-0.6232298016548157;0.4960172176361084;-0.9084292650222778;0;0
4893;970;-0.5823374390602112;0.4911347627639771;-0.9069651961326599;0;0
4899;971;-0.5599992871284485;0.497359961271286;-0.8696125149726868;0;0
4903;972;-0.5570710301399231;0.4933317303657532;-0.8755934238433838;0;0
4907;973;-0.5152015686035156;0.4899134039878845;-0.8751048445701599;0;0
4911;974;-0.5034840106964111;0.4747775197029114;-0.9006170630455017;0;0
4917;975;-0.4959145188331604;0.4495095610618591;-0.9174628853797913;0;0
4921;976;-0.4823656678199768;0.42351034283638;-0.9080636501312256;0;0
4926;977;-0.4859053790569305;0.4065431654453278;-0.8823071122169495;0;0
4931;978;-0.5048267841339111;0.3939698934555054;-0.8682697415351868;0;0
4940;979;-0.5281404852867127;0.3844492733478546;-0.836776614189148;0;0
4946;980;-0.5596336126327515;0.3727301955223084;-0.8290873169898987;0;0
4951;981;-0.5941779017448425;0.3593026995658875;-0.8288430571556091;0;0
4955;982;-0.6129763722419739;0.354664534330368;-0.8299415111541748;0;0
4957;983;-0.6272580623626709;0.351003497838974;-0.8289644122123718;0;0
4962;984;-0.6312863230705261;0.3508805632591248;-0.8405605554580689;0;0
4967;985;-0.6235970258712769;0.3473408818244934;-0.851058304309845;0;0
4972;986;-0.6262825131416321;0.3362332582473755;-0.8681483864784241;0;0
4977;987;-0.6188359260559082;0.3346462249755859;-0.8899980187416077;0;0
4982;988;-0.6022343635559082;0.3228057622909546;-0.8929277658462524;0;0
4992;989;-0.5761122703552246;0.3125523328781128;-0.8795002698898315;0;0
4992;990;-0.5631732940673828;0.2981477379798889;-0.8747392296791077;0;0
5002;991;-0.5548725724220276;0.2887485027313232;-0.8704667091369629;0;0
5006;992;-0.547916054725647;0.2830118536949158;-0.8585048317909241;0;0
5008;993;-0.5355870723724365;0.2822790443897247;-0.8475186228752136;0;0
5012;994;-0.5259435772895813;0.2813034951686859;-0.8332369327545166;0;0
5017;995;-0.5188641548156738;0.2835004329681397;-0.8146827220916748;0;0
5023;996;-0.5142244696617127;0.282036304473877;-0.7978384494781494;0;0
5028;997;-0.5176427960395813;0.2847218215465546;-0.7825796604156494;0;0
5038;998;-0.527042031288147;0.2841103374958038;-0.7648796439170837;0;0
5038;999;-0.5357084274291992;0.2837446928024292;-0.7476682066917419;0;0
5044;1000;-0.5444977283477783;0.2828904986381531;-0.7259414792060852;0;0
5053;1001;-0.552919864654541;0.2863072752952576;-0.7081185579299927;0;0
5053;1002;-0.5643947124481201;0.2878943085670471;-0.682607889175415;0;0
5058;1003;-0.5756236910820007;0.2815477550029755;-0.6736972332000732;0;0
5063;1004;-0.5663473606109619;0.2902141511440277;-0.6658850312232971;0;0
5068;1005;-0.5518214106559753;0.293998122215271;-0.6713773608207703;0;0
5073;1006;-0.545961856842041;0.287040114402771;-0.6644193530082703;0;0
5078;1007;-0.539980947971344;0.2764210402965546;-0.6621010303497315;0;0
5083;1008;-0.531680166721344;0.2653118669986725;-0.6833391785621643;0;0
5089;1009;-0.5123947262763977;0.2600637972354889;-0.7042132616043091;0;0
5095;1010;-0.4971359074115753;0.2540828585624695;-0.7294812202453613;0;0
5101;1011;-0.4772389531135559;0.2477347701787949;-0.7482796907424927;0;0
5104;1012;-0.4586847722530365;0.2423637807369232;-0.7608513832092285;0;0
5108;1013;-0.4501412808895111;0.2390683591365814;-0.7580445408821106;0;0
5113;1014;-0.4467229545116425;0.2350401133298874;-0.7567018270492554;0;0
5118;1015;-0.4425717890262604;0.2293034791946411;-0.7542605996131897;0;0
5123;1016;-0.4440374374389648;0.217463031411171;-0.7556033134460449;0;0
5129;1017;-0.4498969912528992;0.2186828553676605;-0.7552361488342285;0;0
5137;1018;-0.459173321723938;0.2221011817455292;-0.7516964673995972;0;0
5142;1019;-0.4736992716789246;0.2192943245172501;-0.7479124665260315;0;0
5147;1020;-0.4929863214492798;0.2189271301031113;-0.7562132477760315;0;0
5151;1021;-0.4994557797908783;0.2100164443254471;-0.7636598348617554;0;0
5154;1022;-0.4799244701862335;0.2322332561016083;-0.7620728015899658;0;0
5159;1023;-0.4767504036426544;0.2396782785654068;-0.7792842388153076;0;0
5165;1024;-0.4746763706207275;0.2372370511293411;-0.7988139986991882;0;0
5169;1025;-0.4678397178649902;0.2328431755304337;-0.8162697553634644;0;0
5174;1026;-0.4652771353721619;0.2301576733589172;-0.8317728042602539;0;0
5179;1027;-0.4618588089942932;0.2300347536802292;-0.8433690071105957;0;0
5187;1028;-0.4622244536876679;0.2316217869520187;-0.855696439743042;0;0
5192;1029;-0.4680840075016022;0.2319889813661575;-0.8658285140991211;0;0
5200;1030;-0.4818771183490753;0.235405758023262;-0.8654628992080689;0;0
5200;1031;-0.5015298128128052;0.2415095865726471;-0.8554521799087524;0;0
5204;1032;-0.51971834897995;0.2481019645929337;-0.8489826917648315;0;0
5209;1033;-0.5358313322067261;0.2539599537849426;-0.8401949405670166;0;0
5214;1034;-0.5502343773841858;0.2573782801628113;-0.8323827385902405;0;0
5219;1035;-0.5597565174102783;0.265556126832962;-0.8254247307777405;0;0
5224;1036;-0.5723282694816589;0.2709271311759949;-0.8211521506309509;0;0
5231;1037;-0.5784320831298828;0.2648248672485352;-0.8178567886352539;0;0
5237;1038;-0.5800191164016724;0.2699515819549561;-0.8058933615684509;0;0
5242;1039;-0.5828259587287903;0.2712943255901337;-0.8027209043502808;0;0
5248;1040;-0.5847786664962769;0.2709271311759949;-0.8016224503517151;0;0
5250;1041;-0.5808733105659485;0.2783737182617188;-0.7897819876670837;0;0
5254;1042;-0.5768450498580933;0.2766653299331665;-0.8035750985145569;0;0
5260;1043;-0.575502336025238;0.2723928093910217;-0.8143170475959778;0;0
5264;1044;-0.5839244723320007;0.2604294121265411;-0.8390964865684509;0;0
5269;1045;-0.5683000087738037;0.261895090341568;-0.8364109396934509;0;0
5275;1046;-0.5557283163070679;0.2705614864826202;-0.8246918916702271;0;0
5282;1047;-0.545961856842041;0.2766653299331665;-0.8212751150131226;0;0
5288;1048;-0.5397366881370544;0.273856908082962;-0.8332369327545166;0;0
5293;1049;-0.533022940158844;0.2640920281410217;-0.8333582878112793;0;0
5298;1050;-0.5366855263710022;0.2656790614128113;-0.8499597907066345;0;0
5300;1051;-0.5432763695716858;0.2492004334926605;-0.864974319934845;0;0
5305;1052;-0.5194740891456604;0.2520073056221008;-0.8420262336730957;0;0
5310;1053;-0.5148358941078186;0.2697072923183441;-0.8449544310569763;0;0
5315;1054;-0.5131259560585022;0.2758095562458038;-0.8483728170394898;0;0
5320;1055;-0.5186198949813843;0.2755668461322784;-0.8602132201194763;0;0
5326;1056;-0.5204511880874634;0.272758424282074;-0.8710765838623047;0;0
5332;1057;-0.5184969902038574;0.2705614864826202;-0.8752277493476868;0;0
5337;1058;-0.5165442824363709;0.2686088383197784;-0.8823071122169495;0;0
5342;1059;-0.5227695107460022;0.2692187428474426;-0.8856025338172913;0;0
5347;1060;-0.52667635679245;0.272758424282074;-0.8831613063812256;0;0
5351;1061;-0.525699257850647;0.2765423953533173;-0.883894145488739;0;0
5355;1062;-0.5263091921806335;0.2792279124259949;-0.8760819435119629;0;0
5360;1063;-0.523379385471344;0.278739333152771;-0.876936137676239;0;0
5365;1064;-0.5194740891456604;0.2791065275669098;-0.8821857571601868;0;0
5371;1065;-0.5142244696617127;0.2782507836818695;-0.8890208601951599;0;0
5376;1066;-0.5039710402488709;0.2773965895175934;-0.887556791305542;0;0
5381;1067;-0.501652717590332;0.2781294286251068;-0.8812086582183838;0;0
5388;1068;-0.4971359074115753;0.2815477550029755;-0.8747392296791077;0;0
5396;1069;-0.4915206432342529;0.2838660478591919;-0.866317093372345;0;0
5401;1070;-0.4917649328708649;0.2847218215465546;-0.8555750846862793;0;0
5401;1071;-0.4883465766906738;0.287040114402771;-0.8456872701644898;0;0
5407;1072;-0.4893237054347992;0.2926553785800934;-0.8405605554580689;0;0
5411;1073;-0.4833427965641022;0.2941195070743561;-0.8408048748970032;0;0
5416;1074;-0.4796801805496216;0.2971721887588501;-0.83396977186203;0;0
5421;1075;-0.4757748544216156;0.3016889989376068;-0.8331140279769898;0;0
5429;1076;-0.4710137844085693;0.2977820932865143;-0.8333582878112793;0;0
5434;1077;-0.4672298133373261;0.295340895652771;-0.8267674446105957;0;0
5439;1078;-0.4632015526294708;0.2959508001804352;-0.8207865357398987;0;0
5444;1079;-0.4649099409580231;0.2954622507095337;-0.8149269819259644;0;0
5446;1080;-0.4652771353721619;0.2976607382297516;-0.8115086555480957;0;0
5451;1081;-0.4649099409580231;0.2958294451236725;-0.8106544613838196;0;0
5456;1082;-0.4675954580307007;0.2935095727443695;-0.8066262006759644;0;0
5461;1083;-0.4695496559143066;0.2900912463665009;-0.8074803948402405;0;0
5466;1084;-0.4685725569725037;0.2883828580379486;-0.806749165058136;0;0
5478;1085;-0.4704038500785828;0.2909469902515411;-0.8061376810073853;0;0
5478;1086;-0.4746763706207275;0.293021023273468;-0.8032078742980957;0;0
5482;1087;-0.4802900850772858;0.2949752509593964;-0.8043079376220703;0;0
5488;1088;-0.4824886023998261;0.293021023273468;-0.8057720065116882;0;0
5492;1089;-0.4896893501281738;0.2892370522022247;-0.8019880652427673;0;0
5497;1090;-0.4895679652690888;0.289115697145462;-0.7966170907020569;0;0
5502;1091;-0.4906664490699768;0.2871630191802979;-0.7977155447006226;0;0
5506;1092;-0.4916435480117798;0.2863072752952576;-0.7957628965377808;0;0
5512;1093;-0.4915206432342529;0.2845988869667053;-0.7917346358299255;0;0
5517;1094;-0.4877366721630096;0.2833790481090546;-0.7928330898284912;0;0
5526;1095;-0.4835870563983917;0.2828904986381531;-0.7905132174491882;0;0
5527;1096;-0.4823656678199768;0.2770309448242188;-0.7908804416656494;0;0
5536;1097;-0.4838313460350037;0.2755668461322784;-0.7935659289360046;0;0
5537;1098;-0.4806572794914246;0.2775195240974426;-0.7899033427238464;0;0
5542;1099;-0.4791916310787201;0.2799607217311859;-0.7896590232849121;0;0
5547;1100;-0.4768733382225037;0.2775195240974426;-0.7903918623924255;0;0
5552;1101;-0.4795588254928589;0.2781294286251068;-0.791124701499939;0;0
5557;1102;-0.478093147277832;0.2797164618968964;-0.794785737991333;0;0
5562;1103;-0.4830985069274902;0.2747111022472382;-0.7996681928634644;0;0
5567;1104;-0.4890794157981873;0.2732470035552979;-0.8049178123474121;0;0
5575;1105;-0.4927420318126679;0.2755668461322784;-0.8078476190567017;0;0
5580;1106;-0.493351936340332;0.2749553918838501;-0.8107773661613464;0;0
5582;1107;-0.4960374534130096;0.274101197719574;-0.8150483369827271;0;0
5589;1108;-0.4961588084697723;0.2699515819549561;-0.8143170475959778;0;0
5592;1109;-0.5011641383171082;0.2716599702835083;-0.8172468543052673;0;0
5597;1110;-0.5059252381324768;0.2769095897674561;-0.8210307955741882;0;0
5602;1111;-0.5081222057342529;0.2782507836818695;-0.8194437623023987;0;0
5607;1112;-0.5083664655685425;0.2815477550029755;-0.8206636309623718;0;0
5613;1113;-0.5084878206253052;0.2817920446395874;-0.8259132504463196;0;0
5618;1114;-0.5081222057342529;0.2822790443897247;-0.8378750681877136;0;0
5626;1115;-0.5034840106964111;0.2794721722602844;-0.8453216552734375;0;0
5632;1116;-0.4950603246688843;0.2809363007545471;-0.8499597907066345;0;0
5637;1117;-0.4901778995990753;0.2797164618968964;-0.8527666926383972;0;0
5640;1118;-0.4883465766906738;0.280814915895462;-0.8560636639595032;0;0
5644;1119;-0.4800473749637604;0.2780080735683441;-0.8591147661209106;0;0
5648;1120;-0.4798030853271484;0.2737355530261993;-0.8637529611587524;0;0
5653;1121;-0.4800473749637604;0.2709271311759949;-0.8713208436965942;0;0
5658;1122;-0.4807786643505096;0.267875999212265;-0.8677811622619629;0;0
5663;1123;-0.4778488874435425;0.2623836398124695;-0.8708338737487793;0;0
5672;1124;-0.4760191440582275;0.2577439248561859;-0.8708338737487793;0;0
5674;1125;-0.4794358909130096;0.2561568915843964;-0.8670483231544495;0;0
5678;1126;-0.4811458587646484;0.2584767639636993;-0.8660727739334106;0;0
5684;1127;-0.4838313460350037;0.2629935443401337;-0.8643643856048584;0;0
5688;1128;-0.4892023503780365;0.2650691270828247;-0.8587491512298584;0;0
5693;1129;-0.4923748373985291;0.2614065408706665;-0.8481284976005554;0;0
5698;1130;-0.4949389696121216;0.2573782801628113;-0.8411704897880554;0;0
5704;1131;-0.5043382048606873;0.2644576728343964;-0.8329926133155823;0;0
5708;1132;-0.5159344077110291;0.2701958417892456;-0.8264018297195435;0;0
5713;1133;-0.5145916342735291;0.2686088383197784;-0.8232277631759644;0;0
5721;1134;-0.5108076930046082;0.2636034786701202;-0.8227391839027405;0;0
5726;1135;-0.5033611059188843;0.2568897306919098;-0.8264018297195435;0;0
5731;1136;-0.4983572959899902;0.2534714043140411;-0.8304300308227539;0;0
5735;1137;-0.4962817132472992;0.2504202723503113;-0.8296972513198853;0;0
5739;1138;-0.4964030683040619;0.2512744665145874;-0.8281102180480957;0;0
5746;1139;-0.4966473579406738;0.2495660781860352;-0.8295742869377136;0;0
5748;1140;-0.4951832592487335;0.2538385987281799;-0.8316498994827271;0;0
5754;1141;-0.4906664490699768;0.2542042434215546;-0.8317728042602539;0;0
5759;1142;-0.4904221594333649;0.2554256319999695;-0.8299415111541748;0;0
5770;1143;-0.4913992881774902;0.2615278959274292;-0.8329926133155823;0;0
5770;1144;-0.4911549985408783;0.2516416609287262;-0.8392178416252136;0;0
5775;1145;-0.4945717751979828;0.253594309091568;-0.8356781601905823;0;0
5780;1146;-0.5032397508621216;0.2666546106338501;-0.8292086720466614;0;0
5785;1147;-0.5039710402488709;0.2661676108837128;-0.8260346055030823;0;0
5789;1148;-0.5067794322967529;0.2660447061061859;-0.8191995024681091;0;0
5794;1149;-0.5061694979667664;0.2675103545188904;-0.8211521506309509;0;0
5799;1150;-0.5054366588592529;0.2626263499259949;-0.8209078907966614;0;0
5804;1151;-0.4989672303199768;0.2612836062908173;-0.8227391839027405;0;0
5809;1152;-0.4954275190830231;0.2596981525421143;-0.8248147964477539;0;0
5818;1153;-0.495671808719635;0.2566454410552979;-0.8282315731048584;0;0
5823;1154;-0.4924977421760559;0.2605523467063904;-0.8231048583984375;0;0
5828;1155;-0.4849298298358917;0.2631149291992188;-0.8224949240684509;0;0
5833;1156;-0.4812672138214111;0.255669891834259;-0.8264018297195435;0;0
5835;1157;-0.4834641516208649;0.2581111192703247;-0.8281102180480957;0;0
5839;1158;-0.4854183793067932;0.2573782801628113;-0.82566899061203;0;0
5844;1159;-0.4830985069274902;0.2585996687412262;-0.8227391839027405;0;0
5849;1160;-0.4846855401992798;0.2634821236133575;-0.8190765976905823;0;0
5855;1161;-0.487615317106247;0.2605523467063904;-0.8181010484695435;0;0
5859;1162;-0.4929863214492798;0.2617721557617188;-0.8234720230102539;0;0
5870;1163;-0.4943290650844574;0.2622607350349426;-0.8239606022834778;0;0
5880;1164;-0.4964030683040619;0.2617721557617188;-0.8216407299041748;0;0
5880;1165;-0.4977458417415619;0.2636034786701202;-0.8212751150131226;0;0
5886;1166;-0.4994557797908783;0.2627492845058441;-0.8232277631759644;0;0
5886;1167;-0.5010427832603455;0.2596981525421143;-0.8231048583984375;0;0
5891;1168;-0.5014084577560425;0.2589653134346008;-0.8262789249420166;0;0
5896;1169;-0.4898122549057007;0.2679973542690277;-0.8177338242530823;0;0
5900;1170;-0.4889580607414246;0.2670218050479889;-0.8220063447952271;0;0
5905;1171;-0.4882252216339111;0.2600637972354889;-0.8295742869377136;0;0
5910;1172;-0.4850511848926544;0.2557912468910217;-0.8305514454841614;0;0
5919;1173;-0.4850511848926544;0.2553026974201202;-0.8293300271034241;0;0
5925;1174;-0.487371027469635;0.2567683756351471;-0.8276216387748718;0;0
5930;1175;-0.4823656678199768;0.2550584375858307;-0.8321384191513062;0;0
5934;1176;-0.4835870563983917;0.2504202723503113;-0.8375094532966614;0;0
5936;1177;-0.4848068952560425;0.2548141479492188;-0.8334811925888062;0;0
5940;1178;-0.4653984904289246;0.2496874332427979;-0.8244475722312927;0;0
5945;1179;-0.4890794157981873;0.2448049932718277;-0.8471529483795166;0;0
5950;1180;-0.4927420318126679;0.2489561587572098;-0.8377537131309509;0;0
5956;1181;-0.4900565445423126;0.2511531114578247;-0.8350682258605957;0;0
5961;1182;-0.4932305812835693;0.2510301768779755;-0.8337254524230957;0;0
5965;1183;-0.4954275190830231;0.2524958550930023;-0.8381193280220032;0;0
5971;1184;-0.4961588084697723;0.2468805760145187;-0.8445888161659241;0;0
5982;1185;-0.4953046143054962;0.2462706565856934;-0.8422689437866211;0;0
5982;1186;-0.4993328452110291;0.2472462058067322;-0.83958500623703;0;0
5986;1187;-0.4987229406833649;0.2462706565856934;-0.8426361680030823;0;0
5991;1188;-0.4957931637763977;0.2473691254854202;-0.8449544310569763;0;0
5996;1189;-0.4967702627182007;0.2465149313211441;-0.8412933945655823;0;0
6001;1190;-0.4959145188331604;0.2451721876859665;-0.8421475887298584;0;0
6007;1191;-0.4932305812835693;0.2422424107789993;-0.8472743034362793;0;0
6016;1192;-0.4903008043766022;0.2423637807369232;-0.8502041101455689;0;0
6021;1193;-0.4921305477619171;0.2394340038299561;-0.8524010181427002;0;0
6021;1194;-0.4916435480117798;0.2435851693153381;-0.856673538684845;0;0
6029;1195;-0.4920091927051544;0.2441950738430023;-0.8585048317909241;0;0
6033;1196;-0.4965260028839111;0.2443164438009262;-0.8596033453941345;0;0
6036;1197;-0.4960374534130096;0.2456591874361038;-0.8596033453941345;0;0
6041;1198;-0.4966473579406738;0.2463920265436173;-0.8577720522880554;0;0
6046;1199;-0.4948160648345947;0.2490775138139725;-0.8543537259101868;0;0
6051;1200;-0.493351936340332;0.2509088218212128;-0.850692629814148;0;0
6056;1201;-0.4918878376483917;0.2557912468910217;-0.8470300436019898;0;0
6062;1202;-0.4917649328708649;0.259819507598877;-0.8416590690612793;0;0
6068;1203;-0.4909107387065888;0.2581111192703247;-0.8382422924041748;0;0
6075;1204;-0.4889580607414246;0.2594538629055023;-0.8360437750816345;0;0
6079;1205;-0.486638218164444;0.2610408961772919;-0.8416590690612793;0;0
6082;1206;-0.4859053790569305;0.258842408657074;-0.8419033288955689;0;0
6087;1207;-0.4810229241847992;0.2566454410552979;-0.8399506807327271;0;0
6092;1208;-0.4777275323867798;0.255669891834259;-0.8353124856948853;0;0
6097;1209;-0.4766290485858917;0.2537156641483307;-0.83262699842453;0;0
6102;1210;-0.4822443127632141;0.2566454410552979;-0.8315285444259644;0;0
6107;1211;-0.4817557632923126;0.2579882144927979;-0.8301857709884644;0;0
6113;1212;-0.486638218164444;0.2550584375858307;-0.8279872536659241;0;0
6120;1213;-0.4909107387065888;0.2567683756351471;-0.8248147964477539;0;0
6124;1214;-0.4910320937633514;0.2576225697994232;-0.8223735690116882;0;0
6128;1215;-0.4910320937633514;0.2568897306919098;-0.8195651769638062;0;0
6132;1216;-0.4900565445423126;0.2584767639636993;-0.820175051689148;0;0
6137;1217;-0.4922534823417664;0.2603080570697784;-0.8244475722312927;0;0
6142;1218;-0.4944504201412201;0.2614065408706665;-0.8228605389595032;0;0
6147;1219;-0.4978687465190888;0.2612836062908173;-0.821517825126648;0;0
6152;1220;-0.4960374534130096;0.259575217962265;-0.8217620849609375;0;0
6157;1221;-0.4966473579406738;0.2561568915843964;-0.8250590562820435;0;0
6165;1222;-0.4959145188331604;0.2555469870567322;-0.8254247307777405;0;0
6169;1223;-0.4957931637763977;0.255669891834259;-0.8240819573402405;0;0
6172;1224;-0.4973801970481873;0.2510301768779755;-0.8283544778823853;0;0
6177;1225;-0.4949389696121216;0.2505431771278381;-0.8279872536659241;0;0
6182;1226;-0.492619127035141;0.2451721876859665;-0.8321384191513062;0;0
6187;1227;-0.4884695112705231;0.238458439707756;-0.8321384191513062;0;0
6192;1228;-0.4878595769405365;0.2440737187862396;-0.8285987377166748;0;0
6198;1229;-0.4934733211994171;0.2490775138139725;-0.8264018297195435;0;0
6202;1230;-0.5012854933738709;0.2533500492572784;-0.8182224035263062;0;0
6211;1231;-0.4990885853767395;0.2513973712921143;-0.8210307955741882;0;0
6217;1232;-0.4981130361557007;0.2538385987281799;-0.8204193711280823;0;0
6227;1233;-0.49750155210495;0.252617210149765;-0.8172468543052673;0;0
6227;1234;-0.4988442957401276;0.2538385987281799;-0.8227391839027405;0;0
6232;1235;-0.500309944152832;0.2517630159854889;-0.821517825126648;0;0
6237;1236;-0.4976244568824768;0.2512744665145874;-0.81871098279953;0;0
6239;1237;-0.4976244568824768;0.2521302103996277;-0.8242033123970032;0;0
6243;1238;-0.501652717590332;0.2500546276569367;-0.8265231847763062;0;0
6249;1239;-0.4971359074115753;0.2498103529214859;-0.8281102180480957;0;0
6254;1240;-0.4937175810337067;0.2499317079782486;-0.8296972513198853;0;0
6260;1241;-0.4951832592487335;0.2490775138139725;-0.8305514454841614;0;0
6266;1242;-0.4951832592487335;0.2460263818502426;-0.8294529318809509;0;0
6270;1243;-0.4971359074115753;0.2444393485784531;-0.83128422498703;0;0
6274;1244;-0.4973801970481873;0.2423637807369232;-0.8316498994827271;0;0
6279;1245;-0.4990885853767395;0.2429752498865128;-0.8306728005409241;0;0
6284;1246;-0.4983572959899902;0.2400454729795456;-0.8359224200248718;0;0
6289;1247;-0.5004312992095947;0.2401668280363083;-0.8368995189666748;0;0
6294;1248;-0.5023855566978455;0.2419981360435486;-0.8389735221862793;0;0
6299;1249;-0.5043382048606873;0.240655392408371;-0.8399506807327271;0;0
6312;1250;-0.5075122714042664;0.2408996671438217;-0.8411704897880554;0;0
6324;1251;-0.5071450471878052;0.2411439418792725;-0.8433690071105957;0;0
6331;1252;-0.5100748538970947;0.241632491350174;-0.8415377140045166;0;0
6331;1253;-0.5122717618942261;0.242730975151062;-0.8422689437866211;0;0
6331;1254;-0.5126389861106873;0.2415095865726471;-0.8451987504959106;0;0
6331;1255;-0.5138587951660156;0.2405324727296829;-0.8421475887298584;0;0
6336;1256;-0.5153244733810425;0.2393126338720322;-0.8430017828941345;0;0
6341;1257;-0.5116618871688843;0.2388240844011307;-0.8436117172241211;0;0
6345;1258;-0.5089763998985291;0.235405758023262;-0.8455659151077271;0;0
6349;1259;-0.5108076930046082;0.2373599708080292;-0.8482514023780823;0;0
6356;1260;-0.5081222057342529;0.2377256155014038;-0.8442232012748718;0;0
6361;1261;-0.5100748538970947;0.2343072891235352;-0.845077395439148;0;0
6366;1262;-0.5054366588592529;0.2340629994869232;-0.8462972044944763;0;0
6369;1263;-0.5064122080802918;0.2355286777019501;-0.8444674611091614;0;0
6374;1264;-0.509953498840332;0.2367485016584396;-0.8447117209434509;0;0
6379;1265;-0.5081222057342529;0.2283263802528381;-0.8492269515991211;0;0
6384;1266;-0.508610725402832;0.2267393469810486;-0.8481284976005554;0;0
6389;1267;-0.5079992413520813;0.2240538448095322;-0.8489826917648315;0;0
6395;1268;-0.5106847882270813;0.2224668264389038;-0.8532552123069763;0;0
6409;1269;-0.5123947262763977;0.2185615003108978;-0.8513025641441345;0;0
6409;1270;-0.5137374401092529;0.2202698886394501;-0.8478842377662659;0;0
6416;1271;-0.5160557627677918;0.2216126322746277;-0.8475186228752136;0;0
6416;1272;-0.5152015686035156;0.2229553759098053;-0.842391848564148;0;0
6422;1273;-0.5177657008171082;0.2249080389738083;-0.843734622001648;0;0
6429;1274;-0.517398476600647;0.2214912623167038;-0.8433690071105957;0;0
6431;1275;-0.5128816962242127;0.2238095700740814;-0.84092777967453;0;0
6434;1276;-0.5208168029785156;0.2295477539300919;-0.8434903621673584;0;0
6440;1277;-0.5258221626281738;0.2293034791946411;-0.836776614189148;0;0
6445;1278;-0.5298488736152649;0.230401948094368;-0.8371422290802002;0;0
6454;1279;-0.5309488773345947;0.2249080389738083;-0.8405605554580689;0;0
6459;1280;-0.5285061001777649;0.2184385806322098;-0.8420262336730957;0;0
6464;1281;-0.5335114598274231;0.2192943245172501;-0.8458102345466614;0;0
6468;1282;-0.5375397205352783;0.2169744670391083;-0.8498384356498718;0;0
6470;1283;-0.537661075592041;0.2158759981393814;-0.8492269515991211;0;0
6475;1284;-0.5394923686981201;0.217218741774559;-0.8554521799087524;0;0
6480;1285;-0.5433992743492127;0.2124576717615128;-0.8554521799087524;0;0
6485;1286;-0.549258828163147;0.207940861582756;-0.8585048317909241;0;0
6491;1287;-0.5519443154335022;0.2044011801481247;-0.8654628992080689;0;0
6495;1288;-0.5559710264205933;0.1970775127410889;-0.8707109689712524;0;0
6502;1289;-0.5586565136909485;0.1858469694852829;-0.8703452944755554;0;0
6510;1290;-0.5634176135063171;0.1785233169794083;-0.8755934238433838;0;0
6516;1291;-0.5636618733406067;0.1692470014095306;-0.873275101184845;0;0
6517;1292;-0.5624404549598694;0.1625332534313202;-0.8740063905715942;0;0
6523;1293;-0.5609763860702515;0.1558195054531097;-0.870955228805542;0;0
6525;1294;-0.5584138035774231;0.1455660760402679;-0.8633872866630554;0;0
6530;1295;-0.5562152862548828;0.14239202439785;-0.857039213180542;0;0
6535;1296;-0.5548725724220276;0.1366553902626038;-0.8487399816513062;0;0
6541;1297;-0.5503572821617127;0.130430206656456;-0.8445888161659241;0;0
6546;1298;-0.5468160510063171;0.1281103491783142;-0.836776614189148;0;0
6551;1299;-0.5415679812431335;0.1237164586782455;-0.8283544778823853;0;0
6556;1300;-0.5381496548652649;0.1237164586782455;-0.8189552426338196;0;0
6562;1301;-0.5329015851020813;0.1266462355852127;-0.8108987212181091;0;0
6566;1302;-0.5283847451210022;0.1290874481201172;-0.8055277466773987;0;0
6571;1303;-0.5242351889610291;0.1307958364486694;-0.7968613505363464;0;0
6576;1304;-0.5238679647445679;0.1365324705839157;-0.7936872839927673;0;0
6581;1305;-0.5213053822517395;0.138363778591156;-0.7875834703445435;0;0
6586;1306;-0.5237466096878052;0.1478843837976456;-0.7812369465827942;0;0
6591;1307;-0.5235023498535156;0.1585050076246262;-0.7807483673095703;0;0
6599;1308;-0.5205725431442261;0.1638759970664978;-0.7813583016395569;0;0
6606;1309;-0.5164229273796082;0.1730309575796127;-0.7827010154724121;0;0
6611;1310;-0.5125160813331604;0.1803546249866486;-0.7851422429084778;0;0
6616;1311;-0.5098305940628052;0.192073717713356;-0.7885605692863464;0;0
6617;1312;-0.5066565275192261;0.1958576887845993;-0.7936872839927673;0;0
6621;1313;-0.5072680115699768;0.2011057585477829;-0.7993025779724121;0;0
6626;1314;-0.5064122080802918;0.2078195065259934;-0.8027209043502808;0;0
6631;1315;-0.5059252381324768;0.2116034775972366;-0.8093117475509644;0;0
6636;1316;-0.5088549852371216;0.2181958556175232;-0.8061376810073853;0;0
6644;1317;-0.5122717618942261;0.2235652953386307;-0.8019880652427673;0;0
6656;1318;-0.5145916342735291;0.2288149297237396;-0.7993025779724121;0;0
6656;1319;-0.5150802135467529;0.2319889813661575;-0.797105610370636;0;0
6661;1320;-0.5139816999435425;0.2352843880653381;-0.7950300574302673;0;0
6666;1321;-0.5105633735656738;0.2405324727296829;-0.7942972183227539;0;0
6670;1322;-0.5072680115699768;0.2454164624214172;-0.7925888299942017;0;0
6672;1323;-0.5010427832603455;0.2533500492572784;-0.7925888299942017;0;0
6677;1324;-0.4967702627182007;0.2573782801628113;-0.7890491485595703;0;0
6682;1325;-0.4938405156135559;0.2644576728343964;-0.7880720496177673;0;0
6687;1326;-0.4918878376483917;0.2664119005203247;-0.7896590232849121;0;0
6698;1327;-0.4957931637763977;0.2666546106338501;-0.789170503616333;0;0
6698;1328;-0.4954275190830231;0.2695843875408173;-0.7874621152877808;0;0
6703;1329;-0.4943290650844574;0.2677546441555023;-0.7933216691017151;0;0
6708;1330;-0.4959145188331604;0.2687301933765411;-0.7917346358299255;0;0
6713;1331;-0.4981130361557007;0.2692187428474426;-0.7949087023735046;0;0
6717;1332;-0.5021412968635559;0.2649462223052979;-0.8002796769142151;0;0
6722;1333;-0.5059252381324768;0.2626263499259949;-0.8024766445159912;0;0
6727;1334;-0.5072680115699768;0.2639691233634949;-0.8076033592224121;0;0
6732;1335;-0.5130046010017395;0.2638477385044098;-0.8096773624420166;0;0
6737;1336;-0.5184969902038574;0.265800416469574;-0.8134628534317017;0;0
6743;1337;-0.52667635679245;0.2643363177776337;-0.8275002837181091;0;0
6748;1338;-0.52936190366745;0.2599424123764038;-0.8079689741134644;0;0
6753;1339;-0.5325343608856201;0.255669891834259;-0.8118758797645569;0;0
6758;1340;-0.5358313322067261;0.2495660781860352;-0.8211521506309509;0;0
6763;1341;-0.5414466261863709;0.2462706565856934;-0.8249361515045166;0;0
6767;1342;-0.5484030842781067;0.242608055472374;-0.8296972513198853;0;0
6772;1343;-0.550601601600647;0.2376042455434799;-0.8296972513198853;0;0
6777;1344;-0.550601601600647;0.2372370511293411;-0.8317728042602539;0;0
6783;1345;-0.5531641840934753;0.2347958385944367;-0.8381193280220032;0;0
6800;1346;-0.5517000555992127;0.2305233180522919;-0.8379979729652405;0;0
6800;1347;-0.5495015382766724;0.229424849152565;-0.8370208740234375;0;0
6800;1348;-0.5475488901138306;0.2330874502658844;-0.8377537131309509;0;0
6810;1349;-0.5458405017852783;0.2286920100450516;-0.8366552591323853;0;0
6810;1350;-0.5430321097373962;0.2264950722455978;-0.8334811925888062;0;0
6820;1351;-0.5463290810585022;0.2247866839170456;-0.8505697250366211;0;0
6821;1352;-0.5403465628623962;0.2302790433168411;-0.8311613202095032;0;0
6827;1353;-0.534000039100647;0.2322332561016083;-0.8179781436920166;0;0
6828;1354;-0.5360755920410156;0.227472186088562;-0.8304300308227539;0;0
6834;1355;-0.539980947971344;0.2295477539300919;-0.835433840751648;0;0
6838;1356;-0.5404695272445679;0.2330874502658844;-0.8328712582588196;0;0
6849;1357;-0.5388824939727783;0.2343072891235352;-0.8333582878112793;0;0
6849;1358;-0.5397366881370544;0.2377256155014038;-0.8351895809173584;0;0
6855;1359;-0.5458405017852783;0.2429752498865128;-0.8328712582588196;0;0
6858;1360;-0.5480374693870544;0.2451721876859665;-0.8314056396484375;0;0
6864;1361;-0.5521870255470276;0.2472462058067322;-0.8268887996673584;0;0
6868;1362;-0.5573137402534485;0.2521302103996277;-0.8191995024681091;0;0
6874;1363;-0.5624404549598694;0.2562798261642456;-0.8199323415756226;0;0
6878;1364;-0.5656145215034485;0.2621393501758575;-0.8213964700698853;0;0
6884;1365;-0.5675687789916992;0.2693400979042053;-0.8282315731048584;0;0
6891;1366;-0.5719626545906067;0.2737355530261993;-0.8325040936470032;0;0
6896;1367;-0.5590236783027649;0.282036304473877;-0.7906361818313599;0;0
6901;1368;-0.553285539150238;0.2833790481090546;-0.7993025779724121;0;0
6906;1369;-0.552919864654541;0.282157689332962;-0.8043079376220703;0;0
6909;1370;-0.5498687624931335;0.2848431766033173;-0.8099216222763062;0;0
6914;1371;-0.5465733408927918;0.288017213344574;-0.8063819408416748;0;0
6919;1372;-0.5504786372184753;0.287040114402771;-0.8261575102806091;0;0
6924;1373;-0.5438878536224365;0.2944867014884949;-0.8025979995727539;0;0
6929;1374;-0.5370512008666992;0.2957065105438232;-0.7918559908866882;0;0
6934;1375;-0.5387611389160156;0.295340895652771;-0.80076664686203;0;0
6940;1376;-0.5329015851020813;0.293021023273468;-0.7979598045349121;0;0
6945;1377;-0.5337557792663574;0.2828904986381531;-0.8022323250770569;0;0
6950;1378;-0.5277748703956604;0.2731240689754486;-0.8058933615684509;0;0
6955;1379;-0.5287504196166992;0.2672660946846008;-0.8123628497123718;0;0
6959;1380;-0.53497713804245;0.2573782801628113;-0.820175051689148;0;0
6964;1381;-0.5281404852867127;0.2568897306919098;-0.789170503616333;0;0
6969;1382;-0.5302160978317261;0.2496874332427979;-0.8046735525131226;0;0
6974;1383;-0.5380282998085022;0.2495660781860352;-0.8096773624420166;0;0
6979;1384;-0.5369297862052918;0.2511531114578247;-0.8132185935974121;0;0
6985;1385;-0.5310702919960022;0.2540828585624695;-0.8088231682777405;0;0
6996;1386;-0.5235023498535156;0.2548141479492188;-0.8163911104202271;0;0
6996;1387;-0.5159344077110291;0.2539599537849426;-0.8189552426338196;0;0
7006;1388;-0.5105633735656738;0.2551813423633575;-0.8204193711280823;0;0
7006;1389;-0.5054366588592529;0.2632378339767456;-0.8209078907966614;0;0
7011;1390;-0.5012854933738709;0.2721485197544098;-0.8226178288459778;0;0
7016;1391;-0.4976244568824768;0.2742241024971008;-0.8220063447952271;0;0
7020;1392;-0.4967702627182007;0.280082106590271;-0.8216407299041748;0;0
7025;1393;-0.4923748373985291;0.2776408791542053;-0.8207865357398987;0;0
7030;1394;-0.4931076765060425;0.2772752344608307;-0.8200536966323853;0;0
7040;1395;-0.4942061305046082;0.2767866849899292;-0.8176124691963196;0;0
7040;1396;-0.5026282668113709;0.275078296661377;-0.8334811925888062;0;0
7045;1397;-0.5077549815177918;0.2745897471904755;-0.8115086555480957;0;0
7050;1398;-0.5081222057342529;0.2751996517181397;-0.7979598045349121;0;0
7056;1399;-0.5139816999435425;0.2632378339767456;-0.81041020154953;0;0
7060;1400;-0.5231366753578186;0.2599424123764038;-0.8149269819259644;0;0
7065;1401;-0.5308259725570679;0.2590866684913635;-0.805406391620636;0;0
7070;1402;-0.544619083404541;0.2532286643981934;-0.8006452918052673;0;0
7075;1403;-0.5559710264205933;0.2473691254854202;-0.8087018132209778;0;0
7080;1404;-0.5652489066123962;0.2438294440507889;-0.8171239495277405;0;0
7087;1405;-0.5609763860702515;0.2435851693153381;-0.7980811595916748;0;0
7092;1406;-0.5597565174102783;0.2496874332427979;-0.7558476328849793;0;0
7097;1407;-0.5725725293159485;0.2610408961772919;-0.7547491192817688;0;0
7102;1408;-0.590761125087738;0.2739798128604889;-0.8295742869377136;0;0
7106;1409;-0.5651260018348694;0.2994904816150665;-0.9312559962272644;0;0
7110;1410;-0.5723282694816589;0.3109652996063232;-1.012796521186829;0;0
7116;1411;-0.5849015712738037;0.3148706257343292;-1.055641531944275;0;0
7120;1412;-0.5896626710891724;0.3208531141281128;-1.053200244903565;0;0
7126;1413;-0.6121221780776978;0.3419698774814606;-1.041846871376038;0;0
7134;1414;-0.664610743522644;0.362965315580368;-1.079809427261353;0;0
7139;1415;-0.7229572534561157;0.3802981078624725;-1.132297992706299;0;0
7141;1416;-0.7323564887046814;0.3955568969249725;-1.136204838752747;0;0
7149;1417;-0.7223473787307739;0.4019050002098084;-1.15109646320343;0;0
7151;1418;-0.7326008081436157;0.389331728219986;-1.218110918998718;0;0
7156;1419;-0.7618969678878784;0.3689462244510651;-1.303312420845032;0;0
7161;1420;-0.7651923894882202;0.3512477576732636;-1.2845139503479;0;0
7166;1421;-0.7266198992729187;0.333424836397171;-1.134617805480957;0;0
7171;1422;-0.7002534866333008;0.312185138463974;-1.056251406669617;0;0
7176;1423;-0.7356534600257874;0.3031530976295471;-1.116184949874878;0;0
7183;1424;-0.8012023568153381;0.3031530976295471;-1.199801087379456;0;0
7189;1425;-0.8484412431716919;0.313162237405777;-1.228608727455139;0;0
7193;1426;-0.8563763499259949;0.3157263994216919;-1.215546846389771;0;0
7198;1427;-0.8434374332427979;0.3074256181716919;-1.218232274055481;0;0
7201;1428;-0.8380664587020874;0.2955851554870606;-1.239960551261902;0;0
7206;1429;-0.8325725197792053;0.2739798128604889;-1.278777360916138;0;0
7211;1430;-0.8131641745567322;0.2484675943851471;-1.299039959907532;0;0
7217;1431;-0.7738587856292725;0.2161202728748322;-1.279631614685059;0;0
7221;1432;-0.7223473787307739;0.1838943064212799;-1.233246803283691;0;0
7227;1433;-0.6736427545547485;0.149594321846962;-1.170016288757324;0;0
7233;1434;-0.6406855583190918;0.1232279092073441;-1.164158344268799;0;0
7242;1435;-0.6220099925994873;0.1123645603656769;-1.197604060173035;0;0
7248;1436;-0.6210328340530396;0.1100446954369545;-1.194064378738403;0;0
7248;1437;-0.6238397359848023;0.1061378121376038;-1.148289561271668;0;0
7252;1438;-0.6140748262405396;0.1087019518017769;-1.066749095916748;0;0
7257;1439;-0.594910740852356;0.1056508123874664;-0.9787392020225525;0;0
7262;1440;-0.5877084136009216;0.1001569032669067;-0.8979315757751465;0;0
7267;1441;-0.5996717810630798;0.09564010053873062;-0.8166353702545166;0;0
7272;1442;-0.6226198673248291;0.09307752549648285;-0.7770857810974121;0;0
7277;1443;-0.6502061486244202;0.09637293219566345;-0.7512078881263733;0;0
7282;1444;-0.656309962272644;0.1044294238090515;-0.69408118724823;0;0
7291;1445;-0.6500847935676575;0.1218851581215859;-0.6530674695968628;0;0
7295;1446;-0.6411740779876709;0.1326271444559097;-0.6320720314979553;0;0
7297;1447;-0.6235970258712769;0.1368996649980545;-0.6254811882972717;0;0
7302;1448;-0.5989389419555664;0.1454431563615799;-0.6245040893554688;0;0
7307;1449;-0.5692771673202515;0.161556139588356;-0.606315553188324;0;0
7312;1450;-0.5379053950309753;0.1810874491930008;-0.6007018089294434;0;0
7317;1451;-0.509953498840332;0.1963446885347366;-0.6098567843437195;0;0
7322;1452;-0.4807786643505096;0.2140446901321411;-0.6107109785079956;0;0
7330;1453;-0.4625916481018066;0.2330874502658844;-0.6321949362754822;0;0
7335;1454;-0.4498969912528992;0.2512744665145874;-0.6746727824211121;0;0
7340;1455;-0.4407420456409454;0.2690958380699158;-0.7039690017700195;0;0
7345;1456;-0.4324412643909454;0.2867958247661591;-0.7193491458892822;0;0
7348;1457;-0.4320740699768066;0.2946080565452576;-0.7247201204299927;0;0
7352;1458;-0.4313427805900574;0.2936325073242188;-0.7509636282920837;0;0
7357;1459;-0.4361023008823395;0.2910683453083038;-0.8102888464927673;0;0
7362;1460;-0.4385435283184052;0.2784950733184815;-0.8633872866630554;0;0
7368;1461;-0.4334168136119843;0.2599424123764038;-0.892560601234436;0;0
7373;1462;-0.4269473552703857;0.2308905124664307;-0.9186826944351196;0;0
7384;1463;-0.4241404831409454;0.1978103518486023;-0.9463918805122376;0;0
7388;1464;-0.4173053801059723;0.1665614992380142;-0.9300346374511719;0;0
7390;1465;-0.4105916619300842;0.1288431733846664;-0.8740063905715942;0;0
7393;1466;-0.4041221737861633;0.09442026913166046;-0.8168796300888062;0;0
7398;1467;-0.416449636220932;0.06182866916060448;-0.8011338710784912;0;0
7402;1468;-0.4418404996395111;0.0324111171066761;-0.8261575102806091;0;0
7408;1469;-0.4690611064434052;0.01129277981817722;-0.8441002368927002;0;0
7413;1470;-0.487371027469635;-0.005918673705309629;-0.834456741809845;0;0
7418;1471;-0.5059252381324768;-0.02056599035859108;-0.8356781601905823;0;0
7435;1472;-0.51141756772995;-0.03753316774964333;-0.8404392004013062;0;0
7435;1473;-0.5065351724624634;-0.05230339989066124;-0.8132185935974121;0;0
7439;1474;-0.5018969774246216;-0.06292247027158737;-0.7703735828399658;0;0
7447;1475;-0.5108076930046082;-0.07732706516981125;-0.7571903467178345;0;0
7451;1476;-0.5250893831253052;-0.09124155342578888;-0.7687865495681763;0;0
7452;1477;-0.5460847616195679;-0.1000308766961098;-0.7774529457092285;0;0
7456;1478;-0.5713527202606201;-0.1090644747018814;-0.8014994859695435;0;0
7459;1479;-0.5906382203102112;-0.1157766655087471;-0.8376308083534241;0;0
7466;1480;-0.5984504222869873;-0.126641571521759;-0.8592361211776733;0;0
7469;1481;-0.5950320959091187;-0.1418987959623337;-0.8591147661209106;0;0
7476;1482;-0.5748924016952515;-0.1592331677675247;-0.8459315896034241;0;0
7481;1483;-0.5480374693870544;-0.1796171218156815;-0.8303071260452271;0;0
7487;1484;-0.5288733243942261;-0.2054965347051621;-0.8316498994827271;0;0
7491;1485;-0.5081222057342529;-0.228565976023674;-0.8266445398330689;0;0
7494;1486;-0.4951832592487335;-0.2557865977287293;-0.8333582878112793;0;0
7499;1487;-0.474432110786438;-0.2754392623901367;-0.8484957218170166;0;0
7504;1488;-0.4486756026744843;-0.2820316553115845;-0.8561850190162659;0;0
7509;1489;-0.423651933670044;-0.293504923582077;-0.8616788983345032;0;0
7514;1490;-0.3960656821727753;-0.3025385141372681;-0.8631430268287659;0;0
7526;1491;-0.357125997543335;-0.3110835552215576;-0.8786460757255554;0;0
7526;1492;-0.3198962211608887;-0.3223125338554382;-0.8895094394683838;0;0
7530;1493;-0.2842534780502319;-0.3356186747550964;-0.8936590552330017;0;0
7536;1494;-0.2647221684455872;-0.3495331406593323;-0.9065979719161987;0;0
7541;1495;-0.2508061230182648;-0.353072851896286;-0.9129461050033569;0;0
7544;1496;-0.2479992657899857;-0.3584438264369965;-0.9044010043144226;0;0
7549;1497;-0.2523931562900543;-0.3619850873947144;-0.9048895835876465;0;0
7554;1498;-0.2604496479034424;-0.3624720871448517;-0.9062323570251465;0;0
7559;1499;-0.2910885810852051;-0.3688201904296875;-0.9086735248565674;0;0
7564;1500;-0.3279527127742767;-0.3741911947727203;-0.8986644148826599;0;0
7570;1501;-0.3679908812046051;-0.3711400330066681;-0.8856025338172913;0;0
7581;1502;-0.4165725708007813;-0.3788293302059174;-0.8753491044044495;0;0
7581;1503;-0.4590519666671753;-0.3806606531143189;-0.8642414808273315;0;0
7586;1504;-0.4940847754478455;-0.3872514665126801;-0.8499597907066345;0;0
7591;1505;-0.5154458284378052;-0.3999476730823517;-0.8235933780670166;0;0
7596;1506;-0.5194740891456604;-0.4029988050460815;-0.8063819408416748;0;0
7601;1507;-0.5111733078956604;-0.4127636849880219;-0.7994239330291748;0;0
7605;1508;-0.4890794157981873;-0.4224072098731995;-0.7870964407920837;0;0
7610;1509;-0.460150420665741;-0.436933159828186;-0.7778185606002808;0;0
7614;1510;-0.4282900989055634;-0.4543888866901398;-0.7623170614242554;0;0
7625;1511;-0.400582492351532;-0.4658621549606323;-0.7446170449256897;0;0
7625;1512;-0.3805626332759857;-0.485637754201889;-0.7134895920753479;0;0
7631;1513;-0.363839715719223;-0.5028492212295532;-0.6765040755271912;0;0
7638;1514;-0.3493137657642365;-0.5187163352966309;-0.6545315384864807;0;0
7640;1515;-0.3339336216449738;-0.5322667360305786;-0.6514804363250732;0;0
7645;1516;-0.3220931589603424;-0.5445957779884338;-0.661368191242218;0;0
7650;1517;-0.3106198906898499;-0.5517964959144592;-0.6680819392204285;0;0
7655;1518;-0.3026847541332245;-0.5624171495437622;-0.6675934195518494;0;0
7660;1519;-0.2929199039936066;-0.570350706577301;-0.6623438000679016;0;0
7665;1520;-0.2766855359077454;-0.5837782025337219;-0.6511147618293762;0;0
7672;1521;-0.2631351351737976;-0.5965957641601563;-0.6323162913322449;0;0
7681;1522;-0.2615481317043304;-0.6112430691719055;-0.6293865442276001;0;0
7686;1523;-0.268017590045929;-0.63126140832901;-0.6245040893554688;0;0
7686;1524;-0.2687504291534424;-0.6493270397186279;-0.6265796422958374;0;0
7691;1525;-0.2743656933307648;-0.6628774404525757;-0.6435468196868897;0;0
7695;1526;-0.2948725521564484;-0.6799659729003906;-0.6570956707000732;0;0
7701;1527;-0.3185534775257111;-0.6980316042900085;-0.6524575352668762;0;0
7705;1528;-0.3415015637874603;-0.7128018736839294;-0.6343919038772583;0;0
7710;1529;-0.3543191254138947;-0.7236652374267578;-0.6028987765312195;0;0
7720;1530;-0.3672580718994141;-0.7295247912406921;-0.5754338502883911;0;0
7725;1531;-0.3748259842395783;-0.7373369932174683;-0.5609079003334045;0;0
7726;1532;-0.3745817244052887;-0.7374598979949951;-0.559686541557312;0;0
7734;1533;-0.3677466213703156;-0.7381911873817444;-0.5644475817680359;0;0
7736;1534;-0.363106906414032;-0.7372156381607056;-0.5655460953712463;0;0
7741;1535;-0.3504122495651245;-0.7363614439964294;-0.5797063708305359;0;0
7746;1536;-0.3397931754589081;-0.7339186668395996;-0.6013117432594299;0;0
7751;1537;-0.3288069069385529;-0.7297690510749817;-0.6103437542915344;0;0
7756;1538;-0.3214832544326782;-0.7243980169296265;-0.6024101972579956;0;0
7761;1539;-0.3185534775257111;-0.7243980169296265;-0.5844659209251404;0;0
7778;1540;-0.3128168284893036;-0.7303789854049683;-0.5518743395805359;0;0
7778;1541;-0.2998779118061066;-0.7397782206535339;-0.5189170837402344;0;0
7786;1542;-0.2807122468948364;-0.7475904226303101;-0.5039025545120239;0;0
7786;1543;-0.2604496479034424;-0.7536942362785339;-0.5023155212402344;0;0
7791;1544;-0.2444595843553543;-0.7628492116928101;-0.5180628895759583;0;0
7796;1545;-0.2372572869062424;-0.7807919383049011;-0.5451605916023254;0;0
7797;1546;-0.23066645860672;-0.8022758960723877;-0.5756781697273254;0;0
7802;1547;-0.2328633964061737;-0.8174117803573608;-0.6024101972579956;0;0
7806;1548;-0.2438496649265289;-0.838162899017334;-0.6100994944572449;0;0
7813;1549;-0.2528817057609558;-0.8486606478691101;-0.5938651561737061;0;0
7819;1550;-0.2461679726839066;-0.8572056889533997;-0.5611521601676941;0;0
7824;1551;-0.2407969683408737;-0.8586713671684265;-0.5195269584655762;0;0
7829;1552;-0.2392099499702454;-0.8624553084373474;-0.4588605761528015;0;0
7834;1553;-0.2334733158349991;-0.8457323908805847;-0.3992926478385925;0;0
7838;1554;-0.2189473658800125;-0.8304736018180847;-0.3588888347148895;0;0
7842;1555;-0.2023473829030991;-0.8111866116523743;-0.3270300626754761;0;0
7847;1556;-0.186965674161911;-0.7887270450592041;-0.3022506833076477;0;0
7852;1557;-0.1685343831777573;-0.7674873471260071;-0.276249885559082;0;0
7857;1558;-0.1427778899669647;-0.7417308688163757;-0.2471979856491089;0;0
7871;1559;-0.1299618780612946;-0.7124361991882324;-0.2326720207929611;0;0
7871;1560;-0.1308160722255707;-0.6942476630210877;-0.226812481880188;0;0
7879;1561;-0.1438763588666916;-0.6891209483146668;-0.2425598204135895;0;0
7880;1562;-0.1555954515933991;-0.6968117952346802;-0.251104861497879;0;0
7886;1563;-0.15376415848732;-0.7095064520835877;-0.2603811919689179;0;0
7890;1564;-0.167070284485817;-0.7781080007553101;-0.2462224215269089;0;0
7892;1565;-0.1964878290891647;-0.8310835361480713;-0.2495178431272507;0;0
7897;1566;-0.1985618621110916;-0.8238812685012817;-0.3039590418338776;0;0
7902;1567;-0.2165061384439468;-0.8207087516784668;-0.3198277652263641;0;0
7908;1568;-0.2365244477987289;-0.8337690234184265;-0.3210476040840149;0;0
7912;1569;-0.2691160440444946;-0.862699568271637;-0.3184850215911865;0;0
7917;1570;-0.3035389482975006;-0.8601354360580444;-0.335817813873291;0;0
7926;1571;-0.3424786627292633;-0.8479293584823608;-0.3587659001350403;0;0
7930;1572;-0.3914275169372559;-0.8581827878952026;-0.3598643839359283;0;0
7934;1573;-0.464055746793747;-0.8813751339912415;-0.3521750867366791;0;0
7938;1574;-0.5358313322067261;-0.9092056751251221;-0.329104095697403;0;0
7943;1575;-0.600891649723053;-0.9283698201179504;-0.3303254842758179;0;0
7948;1576;-0.651671826839447;-0.9458255171775818;-0.327761322259903;0;0
7953;1577;-0.690977156162262;-0.9566904306411743;-0.3121369183063507;0;0
7962;1578;-0.7163664698600769;-0.9609614014625549;-0.3039590418338776;0;0
7969;1579;-0.7295496463775635;-0.9635255336761475;-0.2962681949138641;0;0
7970;1580;-0.7467610836029053;-0.9604743719100952;-0.2850392162799835;0;0
7977;1581;-0.7472496628761292;-0.9626713395118713;-0.2799125015735626;0;0
7982;1582;-0.7376061677932739;-0.9688965082168579;-0.2911414802074432;0;0
7987;1583;-0.762506902217865;-0.9658454060554504;-0.3100628852844238;0;0
7991;1584;-0.7885076999664307;-0.9532721042633057;-0.3315452933311462;0;0
7994;1585;-0.8284229636192322;-0.9388675093650818;-0.3536391854286194;0;0
7998;1586;-0.8637000322341919;-0.9258072376251221;-0.3822025656700134;0;0
8003;1587;-0.8854283094406128;-0.9089614152908325;-0.4123529493808746;0;0
8008;1588;-0.8551549911499023;-0.8919942378997803;-0.4432361423969269;0;0
8018;1589;-0.8082817196846008;-0.8608682751655579;-0.4425033330917358;0;0
8024;1590;-0.7670236825942993;-0.8204644918441773;-0.4188224077224731;0;0
8024;1591;-0.7031832337379456;-0.7923896908760071;-0.4072262048721314;0;0
8029;1592;-0.5728168487548828;-0.7644362449645996;-0.4252918660640717;0;0
8034;1593;-0.4413519501686096;-0.7628492116928101;-0.3966071605682373;0;0
8038;1594;-0.3585916459560394;-0.7497873306274414;-0.2662407457828522;0;0
8044;1595;-0.322703093290329;-0.734285831451416;-0.1917796581983566;0;0
8049;1596;-0.2351817041635513;-0.7317216992378235;-0.1889728009700775;0;0
8054;1597;-0.1219053864479065;-0.7550370097160339;-0.1488132625818253;0;0
8063;1598;-0.05940767377614975;-0.7750552892684937;-0.08777965605258942;0;0
8069;1599;-0.01460997480899096;-0.797516405582428;-0.057996466755867;0;0
8069;1600;0.02713659033179283;-0.8398728370666504;-0.02992010861635208;0;0
8075;1601;0.06680913269519806;-0.8893087506294251;-0.01502851489931345;0;0
8079;1602;0.0923197939991951;-0.9261728525161743;0.02378827519714832;0;0
8086;1603;0.111118271946907;-0.9441171288490295;0.04270811751484871;0;0
8089;1604;0.1330908089876175;-0.9773186445236206;0.01512186881154776;0;0
8094;1605;0.1169778257608414;-1.016746878623962;0.03941270336508751;0;0
8099;1606;0.1285739988088608;-1.046164512634277;0.03428598493337631;0;0
8104;1607;0.1354091018438339;-1.081807255744934;0.006332545075565577;0;0
8110;1608;0.1446869820356369;-1.114643096923828;0.0002302743669133633;0;0
8117;1609;0.1662923246622086;-1.138445377349854;-0.01734837330877781;0;0
8121;1610;0.1913159936666489;-1.151262879371643;-0.03822087869048119;0;0
8126;1611;0.2178037613630295;-1.150530099868774;-0.0614132396876812;0;0
8129;1612;0.2357480525970459;-1.142352223396301;-0.07362089306116104;0;0
8135;1613;0.2417289614677429;-1.125385046005249;-0.08021172136068344;0;0
8140;1614;0.2367251664400101;-1.099628567695618;-0.09327356517314911;0;0
8144;1615;0.2110900282859802;-1.079000353813171;-0.1007185876369476;0;0
8150;1616;0.1758129298686981;-1.063008785247803;-0.1076766029000282;0;0
8156;1617;0.1338236331939697;-1.044210195541382;-0.1150002628564835;0;0
8164;1618;0.07950378209352493;-1.036155343055725;-0.1257422566413879;0;0
8170;1619;0.01358774397522211;-1.034079790115356;-0.133798748254776;0;0
8170;1620;-0.04744429886341095;-1.034079790115356;-0.135874330997467;0;0
8177;1621;-0.1020084321498871;-1.030051469802856;-0.1333101838827133;0;0
8183;1622;-0.1479046046733856;-1.012961387634277;-0.1234239488840103;0;0
8188;1623;-0.1973420232534409;-0.9911117553710938;-0.1184185966849327;0;0
8190;1624;-0.2422626465559006;-0.9664552807807922;-0.1098735481500626;0;0
8195;1625;-0.2812007963657379;-0.9430186748504639;-0.1047468334436417;0;0
8200;1626;-0.3273428082466126;-0.9254415631294251;-0.09620334208011627;0;0
8209;1627;-0.3703092038631439;-0.9140881299972534;-0.08863385021686554;0;0
8214;1628;-0.4080274999141693;-0.9090843200683594;-0.08704838156700134;0;0
8218;1629;-0.4403748512268066;-0.9034690260887146;-0.08765829354524612;0;0
8220;1630;-0.4672298133373261;-0.8991965055465698;-0.08302013576030731;0;0
8226;1631;-0.4960374534130096;-0.8993194103240967;-0.07630638778209686;0;0
8230;1632;-0.5226481556892395;-0.8948026299476624;-0.08094455301761627;0;0
8235;1633;-0.5443748235702515;-0.8948026299476624;-0.08411860466003418;0;0
8240;1634;-0.5642718076705933;-0.8989522457122803;-0.0849727988243103;0;0
8245;1635;-0.5753809809684753;-0.8999293446540833;-0.08240865916013718;0;0
8256;1636;-0.5769664645195007;-0.9016377329826355;-0.07862469553947449;0;0
8256;1637;-0.5700099468231201;-0.9038347005844116;-0.08155446499586105;0;0
8261;1638;-0.5571923851966858;-0.9016377329826355;-0.08936668187379837;0;0
8267;1639;-0.5342442989349365;-0.898586630821228;-0.09632470458745956;0;0
8271;1640;-0.5053137540817261;-0.889920175075531;-0.09473767876625061;0;0
8276;1641;-0.4724778831005096;-0.8855247497558594;-0.0781361386179924;0;0
8280;1642;-0.4368351399898529;-0.8805209398269653;-0.05665371939539909;0;0
8286;1643;-0.404487818479538;-0.8786896467208862;-0.02833463810384274;0;0
8290;1644;-0.3679908812046051;-0.8838163614273071;0.00279285479336977;0;0
8296;1645;-0.3374733030796051;-0.8923614025115967;0.02464246936142445;0;0
8301;1646;-0.3128168284893036;-0.9048117995262146;0.04087681323289871;0;0
8309;1647;-0.2897458374500275;-0.9178720712661743;0.04600352793931961;0;0
8314;1648;-0.2782710194587708;-0.9322766661643982;0.04637072235345841;0;0
8316;1649;-0.2702160775661469;-0.9491209387779236;0.04905622079968453;0;0
8320;1650;-0.2647221684455872;-0.9623041152954102;0.06272798031568527;0;0
8326;1651;-0.2653320729732513;-0.9757316112518311;0.09324400126934052;0;0
8331;1652;-0.2654550075531006;-0.9930660128593445;0.1324264407157898;0;0
8336;1653;-0.2716801762580872;-1.010643124580383;0.1686806380748749;0;0
8341;1654;-0.2819336354732513;-1.021750688552856;0.188698947429657;0;0
8346;1655;-0.2893801927566528;-1.038596510887146;0.1940699517726898;0;0
8356;1656;-0.3018305599689484;-1.071188092231751;0.1945585012435913;0;0
8361;1657;-0.3229473531246185;-1.103168249130249;0.188821867108345;0;0
8366;1658;-0.3344221711158752;-1.12782633304596;0.1799111813306809;0;0
8370;1659;-0.3429672122001648;-1.147234678268433;0.1684363633394241;0;0
8371;1660;-0.3540748357772827;-1.153704166412354;0.1626997292041779;0;0
8376;1661;-0.3649381995201111;-1.153948426246643;0.1360890418291092;0;0
8381;1662;-0.3826382160186768;-1.142962217330933;0.09898063540458679;0;0
8387;1663;-0.3928916454315186;-1.130633115768433;0.0533287450671196;0;0
8392;1664;-0.4066847562789917;-1.110493421554565;0.01255773287266493;0;0
8398;1665;-0.4144969880580902;-1.092549204826355;-0.01734837330877781;0;0
8405;1666;-0.4077832400798798;-1.078633189201355;-0.03126285597681999;0;0
8410;1667;-0.3952114880084992;-1.059836268424988;-0.02198653481900692;0;0
8416;1668;-0.3831267654895783;-1.044698834419251;0.003158492967486382;0;0
8420;1669;-0.3548076748847961;-1.030295729637146;0.01646461710333824;0;0
8422;1670;-0.3301496505737305;-1.014792680740356;0.03867987170815468;0;0
8427;1671;-0.3043931424617767;-0.9966056942939758;0.05833254382014275;0;0
8432;1672;-0.2732672095298767;-0.9828125834465027;0.05320582538843155;0;0
8437;1673;-0.2328633964061737;-0.9643797278404236;0.02513102442026138;0;0
8442;1674;-0.1875771433115006;-0.9607186913490295;-0.006362107582390308;0;0
8448;1675;-0.1481488794088364;-0.9675537943840027;-0.01356440503150225;0;0
8454;1676;-0.1201969981193543;-0.9892820119857788;-0.001479668426327407;0;0
8459;1677;-0.09993284940719605;-1.017233967781067;0.01695317216217518;0;0
8464;1678;-0.08736111968755722;-1.048605680465698;0.02708368934690952;0;0
8469;1679;-0.0694168284535408;-1.077169060707092;0.04185392335057259;0;0
8472;1680;-0.04512599855661392;-1.103901147842407;0.05772262811660767;0;0
8477;1681;-0.02632751688361168;-1.136248469352722;0.07468980550765991;0;0
8482;1682;-0.008994703181087971;-1.158709526062012;0.07871805131435394;0;0
8487;1683;-0.01131300628185272;-1.175309538841248;0.08469896018505096;0;0
8492;1684;-0.01460997480899096;-1.176407933235169;0.08323484659194946;0;0
8501;1685;-0.0144870588555932;-1.163103342056274;0.07066155970096588;0;0
8507;1686;-0.02559468522667885;-1.14174234867096;0.05308446660637856;0;0
8517;1687;-0.03828933835029602;-1.114398837089539;0.03282187879085541;0;0
8517;1688;-0.04890996590256691;-1.070332407951355;0.00523407431319356;0;0
8523;1689;-0.06233745068311691;-1.027854561805725;-0.01393004320561886;0;0
8524;1690;-0.08260004222393036;-0.9968499541282654;-0.03761096298694611;0;0
8528;1691;-0.1075007915496826;-0.9771972894668579;-0.0529911108314991;0;0
8532;1692;-0.1391168385744095;-0.9718263149261475;-0.06434301286935806;0;0
8538;1693;-0.1647504270076752;-0.973900318145752;-0.06946973502635956;0;0
8543;1694;-0.1970977485179901;-0.9885491728782654;-0.08204302191734314;0;0
8550;1695;-0.2318862974643707;-1.016502618789673;-0.08363004773855209;0;0
8555;1696;-0.2718015611171722;-1.057272076606751;-0.09559187293052673;0;0
8560;1697;-0.3050046265125275;-1.097675919532776;-0.1036483645439148;0;0
8565;1698;-0.3330794274806976;-1.140643835067749;-0.1101178228855133;0;0
8568;1699;-0.3455297946929932;-1.172014117240906;-0.1123147681355476;0;0
8573;1700;-0.3530977368354797;-1.1882483959198;-0.1151231825351715;0;0
8578;1701;-0.3563931584358215;-1.198136210441589;-0.1236666738986969;0;0
8583;1702;-0.3491924107074738;-1.191545367240906;-0.133798748254776;0;0
8588;1703;-0.335642009973526;-1.172135472297669;-0.1451506465673447;0;0
8594;1704;-0.3135481178760529;-1.146501898765564;-0.172126978635788;0;0
8603;1705;-0.2868160605430603;-1.114398837089539;-0.1943437904119492;0;0
8607;1706;-0.255811482667923;-1.085714101791382;-0.2204659283161163;0;0
8612;1707;-0.2240740805864334;-1.062277436256409;-0.245001032948494;0;0
8614;1708;-0.1930695027112961;-1.04384458065033;-0.2597712576389313;0;0
8618;1709;-0.1624305546283722;-1.027975916862488;-0.2624567747116089;0;0
8623;1710;-0.1320358961820602;-1.015525579452515;-0.2613582909107208;0;0
8628;1711;-0.1031069085001946;-0.9984369874000549;-0.2556201219558716;0;0
8634;1712;-0.07368935644626617;-0.9847652316093445;-0.2353575229644775;0;0
8639;1713;-0.04781149327754974;-0.964135468006134;-0.2011788934469223;0;0
8651;1714;-0.0275489054620266;-0.9505866169929504;-0.1628506630659103;0;0
8651;1715;-0.006430567242205143;-0.9421644806861877;-0.1173201203346252;0;0
8659;1716;0.0132221058011055;-0.9387461543083191;-0.06727278977632523;0;0
8667;1717;0.0369030237197876;-0.9385018944740295;-0.01856820471584797;0;0
8667;1718;0.05765416845679283;-0.9424087405204773;0.02220124937593937;0;0
8672;1719;0.0806022509932518;-0.9464354515075684;0.0547928512096405;0;0
8674;1720;0.1035503372550011;-0.9562018513679504;0.07713102549314499;0;0
8679;1721;0.1261327862739563;-0.969750702381134;0.08640734851360321;0;0
8684;1722;0.1473724842071533;-0.9814698100090027;0.08067071437835693;0;0
8690;1723;0.1706862151622772;-0.9926987886428833;0.07786385715007782;0;0
8698;1724;0.195222869515419;-1.008811831474304;0.07969515770673752;0;0
8704;1725;0.2132885158061981;-1.026023268699646;0.07883940637111664;0;0
8711;1726;0.2307426929473877;-1.042869091033936;0.07810813188552856;0;0
8711;1727;0.2422175258398056;-1.064595699310303;0.07249286025762558;0;0
8715;1728;0.2456358522176743;-1.085225582122803;0.06614475697278976;0;0
8720;1729;0.2472228705883026;-1.106465220451355;0.06150659546256065;0;0
8725;1730;0.2370907962322235;-1.12379801273346;0.05418293550610542;0;0
8730;1731;0.2181709557771683;-1.136981248855591;0.05430429801344872;0;0
8734;1732;0.1946114003658295;-1.147234678268433;0.05308446660637856;0;0
8745;1733;0.1628739982843399;-1.147844552993774;0.04441805928945541;0;0
8745;1734;0.1258885115385056;-1.147844552993774;0.03770431503653526;0;0
8755;1735;0.1028175055980682;-1.127460598945618;0.03123485110700131;0;0
8755;1736;0.08304347097873688;-1.095844626426697;0.02366691455245018;0;0
8760;1737;0.04703354090452194;-1.079487323760986;0.01402339804917574;0;0
8764;1738;0.004188504070043564;-1.068135499954224;0.007675293833017349;0;0
8770;1739;-0.0442718043923378;-1.063985824584961;0.001815744559280574;0;0
8775;1740;-0.09480613470077515;-1.067281246185303;0.001694383681751788;0;0
8780;1741;-0.143510714173317;-1.071553826332092;-0.004897998180240393;0;0
8785;1742;-0.1841588169336319;-1.074849128723145;-0.01820256747305393;0;0
8791;1743;-0.219435915350914;-1.078633189201355;-0.02882163785398006;0;0
8802;1744;-0.2487321048974991;-1.084004163742065;-0.04359187185764313;0;0
8802;1745;-0.2758297920227051;-1.081807255744934;-0.06202471256256104;0;0
8810;1746;-0.2903557419776917;-1.078144550323486;-0.07398653030395508;0;0
8817;1747;-0.3047603368759155;-1.073385119438171;-0.09022087603807449;0;0
8817;1748;-0.3140366673469544;-1.066671371459961;-0.1106063798069954;0;0
8825;1749;-0.3187977373600006;-1.055075168609619;-0.1336773782968521;0;0
8825;1750;-0.3283183574676514;-1.044577479362488;-0.1602865159511566;0;0
8831;1751;-0.3367420434951782;-1.038352251052856;-0.1845789104700089;0;0
8835;1752;-0.342600017786026;-1.03529953956604;-0.2059399634599686;0;0
8843;1753;-0.3385717868804932;-1.03127133846283;-0.2194888144731522;0;0
8848;1754;-0.3291725516319275;-1.026756048202515;-0.229865163564682;0;0
8853;1755;-0.3145252168178558;-1.025046110153198;-0.239995688199997;0;0
8858;1756;-0.2936527132987976;-1.022849202156067;-0.2432926446199417;0;0
8861;1757;-0.2664305567741394;-1.018211007118225;-0.2379216551780701;0;0
8865;1758;-0.23860003054142;-1.014182806015015;-0.2282781451940537;0;0
8871;1759;-0.2119893431663513;-1.009665966033936;-0.2075269967317581;0;0
8877;1760;-0.1919710338115692;-1.008690476417542;-0.1759109497070313;0;0
8881;1761;-0.1761023253202438;-1.012474417686462;-0.1412453204393387;0;0
8888;1762;-0.1592580676078796;-1.017966747283936;-0.1098735481500626;0;0
8897;1763;-0.1378954499959946;-1.022239327430725;-0.07886897027492523;0;0
8905;1764;-0.1089664548635483;-1.025169014930725;-0.05128272622823715;0;0
8905;1765;-0.08211148530244827;-1.026144623756409;-0.02992010861635208;0;0
8909;1766;-0.05562370643019676;-1.023459076881409;-0.01039035338908434;0;0
8914;1767;-0.02889165468513966;-1.021750688552856;0.00975087471306324;0;0
8916;1768;-0.000449657381977886;-1.014915585517883;0.02525238506495953;0;0
8921;1769;0.02066712453961372;-1.010154485702515;0.03379743173718453;0;0
8926;1770;0.03922132775187492;-1.002220988273621;0.04380658641457558;0;0
8931;1771;0.05777552723884583;-0.9999011158943176;0.05235163494944572;0;0
8940;1772;0.07474270462989807;-1.003196477890015;0.05406001955270767;0;0
8945;1773;0.09024576842784882;-1.005760669708252;0.05576996132731438;0;0
8951;1774;0.1105083599686623;-1.007347702980042;0.05772262811660767;0;0
8955;1775;0.1307709515094757;-1.011618614196777;0.05406001955270767;0;0
8956;1776;0.1476167589426041;-1.016502618789673;0.04807911068201065;0;0
8962;1777;0.1533533930778503;-1.022483587265015;0.03831423074007034;0;0
8966;1778;0.1649495810270309;-1.024680495262146;0.02574094012379646;0;0
8971;1779;0.1697106510400772;-1.03261411190033;0.01426767557859421;0;0
8976;1780;0.1706862151622772;-1.041769027709961;-0.003310972126200795;0;0
8982;1781;0.1692221015691757;-1.047995805740356;-0.01832392811775208;0;0
8989;1782;0.1677579879760742;-1.055319428443909;-0.03077585808932781;0;0
8994;1783;0.1604327708482742;-1.062277436256409;-0.04261631891131401;0;0
8999;1784;0.1534763127565384;-1.070820927619934;-0.0562865249812603;0;0
9004;1785;0.1456640958786011;-1.07680344581604;-0.06849417835474014;0;0
9007;1786;0.1390717178583145;-1.085956811904907;-0.0817987471818924;0;0
9012;1787;0.130282387137413;-1.093403339385986;-0.08997660130262375;0;0
9017;1788;0.1170991882681847;-1.102437019348145;-0.09766744822263718;0;0
9022;1789;0.1056259199976921;-1.109027862548828;-0.1070666909217835;0;0
9027;1790;0.09329690784215927;-1.109516382217407;-0.1062124967575073;0;0
9036;1791;0.07388851046562195;-1.101704120635986;-0.1117048487067223;0;0
9037;1792;0.05472439154982567;-1.096698760986328;-0.1110949367284775;0;0
9046;1793;0.03116483613848686;-1.091206431388855;-0.1084094420075417;0;0
9047;1794;0.005165614187717438;-1.081930160522461;-0.1056010276079178;0;0
9052;1795;-0.02205499447882175;-1.074972152709961;-0.09962011873722076;0;0
9057;1796;-0.04537027329206467;-1.066792726516724;-0.0882682129740715;0;0
9062;1797;-0.07051530480384827;-1.058249235153198;-0.07801477611064911;0;0
9067;1798;-0.09273210912942886;-1.047262907028198;-0.0612918809056282;0;0
9072;1799;-0.1138488948345184;-1.039939284324646;-0.04347050935029984;0;0
9077;1800;-0.1287404894828796;-1.033225536346436;-0.02540486492216587;0;0
9087;1801;-0.147661879658699;-1.025290369987488;-0.002699500182643533;0;0
9099;1802;-0.1591351479291916;-1.022604942321777;0.01866155862808228;0;0
9099;1803;-0.1689000278711319;-1.018821001052856;0.03538445755839348;0;0
9099;1804;-0.1754924058914185;-1.020407915115356;0.05528140813112259;0;0
9107;1805;-0.1835488975048065;-1.025779008865356;0.07444552332162857;0;0
9112;1806;-0.1906282752752304;-1.03688657283783;0.09019286930561066;0;0
9113;1807;-0.190262645483017;-1.054708003997803;0.1049615442752838;0;0
9118;1808;-0.1866000294685364;-1.076314806938171;0.1142394244670868;0;0
9123;1809;-0.1789107322692871;-1.094624757766724;0.127178356051445;0;0
9128;1810;-0.1708542406558991;-1.111713290214539;0.1390188187360764;0;0
9138;1811;-0.1593794226646423;-1.112690448760986;0.1473195850849152;0;0
9145;1812;-0.1448534727096558;-1.111591935157776;0.1603798717260361;0;0
9145;1813;-0.1359427869319916;-1.100971341133118;0.1690462827682495;0;0
9149;1814;-0.1355771422386169;-1.080343127250671;0.1774699687957764;0;0
9153;1815;-0.1360641419887543;-1.062033176422119;0.1830836832523346;0;0
9158;1816;-0.1328916549682617;-1.041647672653198;0.1899203360080719;0;0
9163;1817;-0.1280092149972916;-1.022239327430725;0.1879676729440689;0;0
9168;1818;-0.1286191195249558;-1.006491899490356;0.1833279579877853;0;0
9173;1819;-0.1325244605541229;-0.9928216934204102;0.1784455180168152;0;0
9185;1820;-0.1388725638389587;-0.9819568395614624;0.165629506111145;0;0
9185;1821;-0.1519328504800797;-0.9745118021965027;0.1569615453481674;0;0
9190;1822;-0.1599893420934677;-0.9735347032546997;0.1417043060064316;0;0
9195;1823;-0.1756137758493424;-0.9713377356529236;0.1266898065805435;0;0
9200;1824;-0.1853802055120468;-0.9713377356529236;0.111919566988945;0;0
9204;1825;-0.1884313374757767;-0.971093475818634;0.09299972653388977;0;0
9208;1826;-0.1914824694395065;-0.9758545756340027;0.07871805131435394;0;0
9214;1827;-0.1912381947040558;-0.9759759306907654;0.06602339446544647;0;0
9219;1828;-0.1900183707475662;-0.9746331572532654;0.05796690657734871;0;0
9224;1829;-0.1866000294685364;-0.9802484512329102;0.04991041496396065;0;0
9238;1830;-0.1772007942199707;-0.9862293601036072;0.0413653664290905;0;0
9238;1831;-0.1685343831777573;-0.9873278141021729;0.03648293018341065;0;0
9245;1832;-0.1636519432067871;-0.9906247854232788;0.03282187879085541;0;0
9245;1833;-0.1595007926225662;-0.997459888458252;0.02964782528579235;0;0
9249;1834;-0.1523000448942184;-1.008567452430725;0.02366691455245018;0;0
9254;1835;-0.1457076668739319;-1.011741518974304;0.02500966377556324;0;0
9259;1836;-0.1432664394378662;-1.016379714012146;0.02842643670737743;0;0
9264;1837;-0.1391168385744095;-1.025290369987488;0.02781652100384235;0;0
9269;1838;-0.1394824832677841;-1.034689664840698;0.03086765669286251;0;0
9274;1839;-0.1366756111383438;-1.041037797927856;0.02940354682505131;0;0
9282;1840;-0.1371641755104065;-1.047628521919251;0.03318751603364945;0;0
9287;1841;-0.1376511752605438;-1.048238515853882;0.03843559324741364;0;0
9292;1842;-0.1387496441602707;-1.046774387359619;0.0399012565612793;0;0
9296;1843;-0.1387496441602707;-1.051535487174988;0.04429514333605766;0;0
9299;1844;-0.1372855305671692;-1.049338579177856;0.0482020266354084;0;0
9304;1845;-0.1392381936311722;-1.042013287544251;0.04624780640006065;0;0
9309;1846;-0.1381397247314453;-1.041891932487488;0.0464920848608017;0;0
9314;1847;-0.136308416724205;-1.038107991218567;0.04685927927494049;0;0
9319;1848;-0.1366756111383438;-1.028220176696777;0.04148828610777855;0;0
9326;1849;-0.143510714173317;-1.023947715759277;0.03819131478667259;0;0
9336;1850;-0.1408252269029617;-1.022239327430725;0.03587301447987557;0;0
9344;1851;-0.1403366625308991;-1.016135454177856;0.02903635241091251;0;0
9344;1852;-0.1403366625308991;-1.015891194343567;0.02366691455245018;0;0
9350;1853;-0.1398481130599976;-1.016135454177856;0.02232416719198227;0;0
9350;1854;-0.1370412558317184;-1.017356872558594;0.01731881126761437;0;0
9357;1855;-0.1399710327386856;-1.025046110153198;0.01097070705145598;0;0
9360;1856;-0.1374069005250931;-1.028343081474304;0.009995152242481709;0;0
9365;1857;-0.1350885927677155;-1.030784368515015;0.009383680298924446;0;0
9370;1858;-0.1360641419887543;-1.037253737449646;0.00340277049690485;0;0
9379;1859;-0.134600043296814;-1.042380452156067;0.002060021972283721;0;0
9385;1860;-0.1364313364028931;-1.047751545906067;0.002548577031120658;0;0
9390;1861;-0.140580952167511;-1.052878260612488;0.0009615510934963822;0;0
9394;1862;-0.142656534910202;-1.056417942047119;0.004379880614578724;0;0
9395;1863;-0.1457076668739319;-1.054708003997803;0.002548577031120658;0;0
9400;1864;-0.150590106844902;-1.052266716957092;0.005722629372030497;0;0
9405;1865;-0.1580366790294647;-1.04921555519104;0.00523407431319356;0;0
9411;1866;-0.1616992801427841;-1.048971295356751;0.003769964911043644;0;0
9415;1867;-0.1660931706428528;-1.041891932487488;0.006332545075565577;0;0
9430;1868;-0.1696328520774841;-1.03932785987854;0.005112713202834129;0;0
9430;1869;-0.1772007942199707;-1.03822934627533;0.007553932722657919;0;0
9436;1870;-0.1845244467258453;-1.036765217781067;0.005599712487310171;0;0
9442;1871;-0.1890412569046021;-1.036398053169251;0.007309655193239451;0;0
9442;1872;-0.1966091841459274;-1.033346891403198;0.01292492728680372;0;0
9448;1873;-0.1970977485179901;-1.031028628349304;0.01329056546092033;0;0
9451;1874;-0.1999046057462692;-1.031149983406067;0.01792872697114945;0;0
9456;1875;-0.2056427896022797;-1.032371401786804;0.01756308786571026;0;0
9461;1876;-0.2068626284599304;-1.032248377799988;0.01963866874575615;0;0
9466;1877;-0.208205372095108;-1.025169014930725;0.02427683025598526;0;0
9472;1878;-0.2122336179018021;-1.021750688552856;0.02366691455245018;0;0
9478;1879;-0.2143092006444931;-1.019919395446777;0.02464246936142445;0;0
9482;1880;-0.2138206362724304;-1.019188165664673;0.02378827519714832;0;0
9487;1881;-0.2152863144874573;-1.016868233680725;0.0195157527923584;0;0
9493;1882;-0.2157733142375946;-1.020773649215698;0.01866155862808228;0;0
9497;1883;-0.2149191200733185;-1.021262168884277;0.01414475869387388;0;0
9501;1884;-0.2128450870513916;-1.024680495262146;0.01170353963971138;0;0
9506;1885;-0.2122336179018021;-1.024436235427856;0.009872235357761383;0;0
9511;1886;-0.2050328701734543;-1.025046110153198;0.003525687381625176;0;0
9516;1887;-0.1970977485179901;-1.023093461990356;0.00279285479336977;0;0
9530;1888;-0.19221530854702;-1.024559140205383;-0.003676610300317407;0;0
9530;1889;-0.1881870627403259;-1.021506428718567;-0.002212501130998135;0;0
9540;1890;-0.1797649264335632;-1.022116303443909;-0.002699500182643533;0;0
9540;1891;-0.1739053875207901;-1.022360682487488;-0.00599646894261241;0;0
9548;1892;-0.1651160567998886;-1.015769839286804;-0.004653720650821924;0;0
9548;1893;-0.1604778915643692;-1.012595772743225;-0.005752191413193941;0;0
9552;1894;-0.1527885943651199;-1.010520219802856;-0.005752191413193941;0;0
9557;1895;-0.1459519416093826;-1.007591962814331;-0.005384997464716435;0;0
9562;1896;-0.143633633852005;-1.010887384414673;-0.002699500182643533;0;0
9568;1897;-0.1389939188957214;-1.012961387634277;-0.002089584246277809;0;0
9573;1898;-0.1330130100250244;-1.014427065849304;-0.003432332770898938;0;0
9578;1899;-0.1300832331180573;-1.016746878623962;-0.0001369199017062783;0;0
9584;1900;-0.1241023242473602;-1.016868233680725;-0.001112474128603935;0;0
9589;1901;-0.115191638469696;-1.019065260887146;-0.00611783005297184;0;0
9592;1902;-0.112750418484211;-1.021994948387146;-0.002578139305114746;0;0
9597;1903;-0.1077450662851334;-1.022972106933594;-0.001723945955745876;0;0
9602;1904;-0.0996885746717453;-1.022483587265015;-0.002333861775696278;0;0
9608;1905;-0.0912664458155632;-1.023947715759277;-0.006850662641227245;0;0
9612;1906;-0.09163208305835724;-1.025169014930725;-0.009168965741991997;0;0
9625;1907;-0.08882522583007813;-1.028952956199646;-0.005507913883775473;0;0
9625;1908;-0.08394278585910797;-1.027854561805725;-0.01087890844792128;0;0
9631;1909;-0.08430842310190201;-1.028952956199646;-0.008437688462436199;0;0
9638;1910;-0.08272139728069305;-1.033225536346436;-0.01930103823542595;0;0
9639;1911;-0.08491989970207214;-1.034079790115356;-0.02284072712063789;0;0
9645;1912;-0.087971031665802;-1.040426254272461;-0.027478888630867;0;0
9649;1913;-0.09370766580104828;-1.043356060981751;-0.031141497194767;0;0
9652;1914;-0.1007870435714722;-1.041769027709961;-0.03455982729792595;0;0
9658;1915;-0.1099420115351677;-1.044088840484619;-0.04041782021522522;0;0
9662;1916;-0.1187313348054886;-1.046164512634277;-0.04578881338238716;0;0
9672;1917;-0.1254450678825378;-1.045675873756409;-0.0515270009636879;0;0
9676;1918;-0.1338672041893005;-1.045920133590698;-0.05860638245940208;0;0
9678;1919;-0.1421679705381393;-1.047384262084961;-0.06116896495223045;0;0
9686;1920;-0.1472946852445602;-1.04787290096283;-0.06532012671232224;0;0
9688;1921;-0.1521771252155304;-1.049825549125671;-0.06898117810487747;0;0
9692;1922;-0.1619435697793961;-1.050192713737488;-0.07093539834022522;0;0
9698;1923;-0.1632863134145737;-1.04787290096283;-0.07288806140422821;0;0
9702;1924;-0.1653603315353394;-1.043111801147461;-0.0678827092051506;0;0
9708;1925;-0.1676801890134811;-1.039206504821777;-0.07130103558301926;0;0
9714;1926;-0.1649947017431259;-1.038473606109619;-0.07276669889688492;0;0
9721;1927;-0.1636519432067871;-1.032858371734619;-0.06605295836925507;0;0
9727;1928;-0.1625534743070602;-1.027975916862488;-0.06361173838376999;0;0
9735;1929;-0.1571824848651886;-1.025413274765015;-0.05909493938088417;0;0
9735;1930;-0.151811495423317;-1.021994948387146;-0.05262547358870506;0;0
9741;1931;-0.1507130265235901;-1.018211007118225;-0.04823003336787224;0;0
9743;1932;-0.1529099643230438;-1.017233967781067;-0.04102929309010506;0;0
9748;1933;-0.1497359126806259;-1.017966747283936;-0.03223996609449387;0;0
9753;1934;-0.1492473483085632;-1.020896553993225;-0.02662469632923603;0;0
9758;1935;-0.1509573012590408;-1.023216366767883;-0.01710409484803677;0;0
9764;1936;-0.147538959980011;-1.022849202156067;-0.01246593426913023;0;0
9769;1937;-0.1482717990875244;-1.018943905830383;-0.001723945955745876;0;0
9774;1938;-0.1468061357736588;-1.018332362174988;0.007675293833017349;0;0
9779;1939;-0.1459519416093826;-1.022116303443909;0.01109362300485373;0;0
9784;1940;-0.1479046046733856;-1.019919395446777;0.01744017191231251;0;0
9789;1941;-0.1452191025018692;-1.020407915115356;0.02159133367240429;0;0
9794;1942;-0.146561861038208;-1.021994948387146;0.02415391430258751;0;0
9799;1943;-0.1464404910802841;-1.023216366767883;0.02952490746974945;0;0
9804;1944;-0.1411908566951752;-1.024191975593567;0.02854935452342033;0;0
9809;1945;-0.1404595822095871;-1.023703336715698;0.02574094012379646;0;0
9823;1946;-0.1349656730890274;-1.027487397193909;0.02830507606267929;0;0
9823;1947;-0.1348443180322647;-1.026756048202515;0.03074629604816437;0;0
9831;1948;-0.1309374272823334;-1.026023268699646;0.02976918593049049;0;0
9831;1949;-0.1333786547183991;-1.027975916862488;0.02720660530030727;0;0
9839;1950;-0.1377740949392319;-1.024436235427856;0.02720660530030727;0;0
9846;1951;-0.1418023407459259;-1.026023268699646;0.02537530288100243;0;0
9846;1952;-0.1421679705381393;-1.027610301971436;0.02329972013831139;0;0
9849;1953;-0.1471733301877976;-1.028343081474304;0.02232416719198227;0;0
9854;1954;-0.1488817185163498;-1.030539989471436;0.02598521858453751;0;0
9859;1955;-0.1535198837518692;-1.029441595077515;0.02671805024147034;0;0
9864;1956;-0.1584023088216782;-1.027731657028198;0.02427683025598526;0;0
9870;1957;-0.1584023088216782;-1.027366042137146;0.02317835949361324;0;0
9877;1958;-0.159867987036705;-1.028464436531067;0.02049286291003227;0;0
9881;1959;-0.1642618626356125;-1.030295729637146;0.01841728202998638;0;0
9885;1960;-0.163773313164711;-1.029807209968567;0.01829592138528824;0;0
9890;1961;-0.167801558971405;-1.029197335243225;0.01597606204450131;0;0
9895;1962;-0.1693885773420334;-1.030417084693909;0.009383680298924446;0;0
9900;1963;-0.1664588004350662;-1.032004117965698;0.008529487065970898;0;0
9905;1964;-0.1652389764785767;-1.030417084693909;0.006088267546147108;0;0
9922;1965;-0.1659702509641647;-1.034201145172119;0.004256964195519686;0;0
9922;1966;-0.1630420386791229;-1.03529953956604;0.004379880614578724;0;0
9922;1967;-0.1585252285003662;-1.037740826606751;0.00340277049690485;0;0
9930;1968;-0.1565725654363632;-1.037130832672119;0.004501241724938154;0;0
9936;1969;-0.1540084332227707;-1.041769027709961;0.006576822604984045;0;0
9936;1970;-0.1521771252155304;-1.044577479362488;0.008042488247156143;0;0
9942;1971;-0.1479046046733856;-1.043723225593567;0.008408126421272755;0;0
9947;1972;-0.1470504105091095;-1.04225754737854;0.006211184430867434;0;0
9950;1973;-0.1444878280162811;-1.039206504821777;0.009627957828342915;0;0
9955;1974;-0.1439992785453796;-1.035056829452515;0.01316920481622219;0;0
9960;1975;-0.143510714173317;-1.032981276512146;0.01206917781382799;0;0
9969;1976;-0.1420466154813767;-1.031638503074646;0.01243637222796679;0;0
9974;1977;-0.142533615231514;-1.029197335243225;0.01329056546092033;0;0
9978;1978;-0.143633633852005;-1.027610301971436;0.01988139189779759;0;0
9980;1979;-0.1429008096456528;-1.025779008865356;0.0212241392582655;0;0
9985;1980;-0.1429008096456528;-1.023459076881409;0.02207988873124123;0;0
9990;1981;-0.143633633852005;-1.024559140205383;0.02720660530030727;0;0
9995;1982;-0.1444878280162811;-1.024191975593567;0.03269895911216736;0;0
10000;1983;-0.1409481465816498;-1.022849202156067;0.0347745418548584;0;0
10007;1984;-0.1432664394378662;-1.022727847099304;0.0344073474407196;0;0
10016;1985;-0.1418023407459259;-1.025413274765015;0.03721576184034348;0;0
10016;1986;-0.1433893591165543;-1.027366042137146;0.04026689752936363;0;0
10024;1987;-0.1437550038099289;-1.026023268699646;0.03904706612229347;0;0
10028;1988;-0.1430221647024155;-1.026633143424988;0.0413653664290905;0;0
10031;1989;-0.1424122452735901;-1.027244687080383;0.04441805928945541;0;0
10035;1990;-0.1397267580032349;-1.028464436531067;0.04356230795383453;0;0
10041;1991;-0.1418023407459259;-1.030539989471436;0.04478369653224945;0;0
10046;1992;-0.1383839994668961;-1.029807209968567;0.04746919497847557;0;0
10051;1993;-0.1404595822095871;-1.032371401786804;0.04954477399587631;0;0
10056;1994;-0.1444878280162811;-1.031759858131409;0.04795774817466736;0;0
10065;1995;-0.1429008096456528;-1.032371401786804;0.04917757958173752;0;0
10070;1996;-0.142656534910202;-1.032127022743225;0.04807911068201065;0;0
10071;1997;-0.1458305865526199;-1.034324049949646;0.04209820181131363;0;0
10076;1998;-0.1485160738229752;-1.034201145172119;0.04295239225029945;0;0
10081;1999;-0.1485160738229752;-1.034079790115356;0.0430753119289875;0;0
10086;2000;-0.1520557701587677;-1.033346891403198;0.0399012565612793;0;0
10092;2001;-0.15376415848732;-1.032127022743225;0.04075545072555542;0;0
10096;2002;-0.149858832359314;-1.028830051422119;0.03733712062239647;0;0
10101;2003;-0.1514458507299423;-1.028708696365356;0.03599437326192856;0;0
10113;2004;-0.1524213999509811;-1.029685854911804;0.03074629604816437;0;0
10114;2005;-0.1554740965366364;-1.029318690299988;0.0276936050504446;0;0
10121;2006;-0.1552298218011856;-1.033714056015015;0.02964782528579235;0;0
10126;2007;-0.1553511768579483;-1.035911083221436;0.02879363112151623;0;0
10127;2008;-0.1573038399219513;-1.037130832672119;0.02903635241091251;0;0
10135;2009;-0.1608435362577438;-1.038596510887146;0.03196612745523453;0;0
10137;2010;-0.1599893420934677;-1.03664231300354;0.03208904340863228;0;0
10141;2011;-0.1590137928724289;-1.037619471549988;0.03306460008025169;0;0
10146;2012;-0.1607221812009811;-1.037619471549988;0.03111193515360355;0;0
10154;2013;-0.1643847823143005;-1.035178184509277;0.02903635241091251;0;0
10159;2014;-0.1653603315353394;-1.034445405006409;0.03343179449439049;0;0
10164;2015;-0.167801558971405;-1.02992856502533;0.03465162590146065;0;0
10169;2016;-0.1685343831777573;-1.029441595077515;0.0329432375729084;0;0
10172;2017;-0.1649947017431259;-1.027854561805725;0.03343179449439049;0;0
10177;2018;-0.1681687533855438;-1.028464436531067;0.03599437326192856;0;0
10182;2019;-0.1685343831777573;-1.026023268699646;0.03977834060788155;0;0
10187;2020;-0.1651160567998886;-1.026633143424988;0.03929134085774422;0;0
10192;2021;-0.1604778915643692;-1.026023268699646;0.04344094917178154;0;0
10197;2022;-0.1616992801427841;-1.026023268699646;0.04661500081419945;0;0
10208;2023;-0.161820650100708;-1.027000308036804;0.04539361223578453;0;0
10214;2024;-0.1615763753652573;-1.029074430465698;0.04942185804247856;0;0
10221;2025;-0.1580366790294647;-1.030417084693909;0.05271727219223976;0;0
10221;2026;-0.1586465984582901;-1.033346891403198;0.05393866077065468;0;0
10227;2027;-0.1607221812009811;-1.033225536346436;0.0516187995672226;0;0
10232;2028;-0.1604778915643692;-1.034079790115356;0.05467149242758751;0;0
10233;2029;-0.1591351479291916;-1.032737016677856;0.05186307802796364;0;0
10237;2030;-0.1596236974000931;-1.030539989471436;0.05113024637103081;0;0
10243;2031;-0.1620649248361588;-1.027731657028198;0.04978905245661736;0;0
10248;2032;-0.1623091995716095;-1.026388883590698;0.04698063805699348;0;0
10259;2033;-0.1631633937358856;-1.025413274765015;0.04368522763252258;0;0
10259;2034;-0.1646275073289871;-1.025413274765015;0.04002261906862259;0;0
10264;2035;-0.166825994849205;-1.029197335243225;0.03233332186937332;0;0
10268;2036;-0.1691443026065826;-1.032371401786804;0.02903635241091251;0;0
10273;2037;-0.1703656911849976;-1.035178184509277;0.03001346439123154;0;0
10277;2038;-0.1689000278711319;-1.032981276512146;0.0279378816485405;0;0
10283;2039;-0.1714641600847244;-1.033591151237488;0.02745088376104832;0;0
10288;2040;-0.1742710173130035;-1.034568309783936;0.02928063087165356;0;0
10293;2041;-0.1731725484132767;-1.031515598297119;0.02952490746974945;0;0
10310;2042;-0.1731725484132767;-1.029441595077515;0.02989210188388825;0;0
10310;2043;-0.1775679886341095;-1.030905723571777;0.02757224440574646;0;0
10319;2044;-0.1720740795135498;-1.031638503074646;0.02671805024147034;0;0
10319;2045;-0.1720740795135498;-1.030417084693909;0.02696232870221138;0;0
10319;2046;-0.167070284485817;-1.031638503074646;0.0262294951826334;0;0
10328;2047;-0.1643847823143005;-1.029562950134277;0.02378827519714832;0;0
10332;2048;-0.1623091995716095;-1.032004117965698;0.02378827519714832;0;0
10334;2049;-0.163773313164711;-1.034568309783936;0.02232416719198227;0;0
10339;2050;-0.1582809537649155;-1.032981276512146;0.02403255365788937;0;0
10344;2051;-0.1541313529014587;-1.032858371734619;0.02256688848137856;0;0
10350;2052;-0.1494916379451752;-1.033835411071777;0.02403255365788937;0;0
10355;2053;-0.1466847807168961;-1.034812569618225;0.02159133367240429;0;0
10360;2054;-0.1483931541442871;-1.033225536346436;0.02061422355473042;0;0
10365;2055;-0.1474176049232483;-1.032127022743225;0.01866155862808228;0;0
10370;2056;-0.1450977474451065;-1.033714056015015;0.01695317216217518;0;0
10374;2057;-0.1463191360235214;-1.031759858131409;0.01853864267468453;0;0
10378;2058;-0.1469290554523468;-1.032248377799988;0.01597606204450131;0;0
10385;2059;-0.1461962163448334;-1.033102631568909;0.01609742268919945;0;0
10389;2060;-0.1487603485584259;-1.032858371734619;0.0152432294562459;0;0
10395;2061;-0.1499801874160767;-1.030051469802856;0.01329056546092033;0;0
10405;2062;-0.1468061357736588;-1.032004117965698;0.01304628793150187;0;0
10412;2063;-0.1443649083375931;-1.031028628349304;0.009383680298924446;0;0
10412;2064;-0.1450977474451065;-1.033102631568909;0.008773764595389366;0;0
10418;2065;-0.1443649083375931;-1.033225536346436;0.007919571362435818;0;0
10424;2066;-0.1413137763738632;-1.033469796180725;0.008285209536552429;0;0
10426;2067;-0.1392381936311722;-1.033469796180725;0.007919571362435818;0;0
10429;2068;-0.1398481130599976;-1.034689664840698;0.008529487065970898;0;0
10434;2069;-0.1364313364028931;-1.03395676612854;0.009627957828342915;0;0
10439;2070;-0.1354542374610901;-1.036032438278198;0.007186738774180412;0;0
10447;2071;-0.1348443180322647;-1.038717865943909;0.006942461244761944;0;0
10452;2072;-0.1331359297037125;-1.038107991218567;0.004014242440462112;0;0
10457;2073;-0.1314259916543961;-1.040793418884277;0.005356990732252598;0;0
10462;2074;-0.1310603469610214;-1.039939284324646;0.003769964911043644;0;0
10466;2075;-0.1309374272823334;-1.038107991218567;0.003037132322788239;0;0
10469;2076;-0.1302061527967453;-1.035666704177856;0.002548577031120658;0;0
10474;2077;-0.1293519586324692;-1.033591151237488;0.000595912744756788;0;0
10479;2078;-0.1295946836471558;-1.034445405006409;0.0009615510934963822;0;0
10484;2079;-0.1294733136892319;-1.03127133846283;0.001571467029862106;0;0
10489;2080;-0.1272763758897781;-1.029074430465698;-0.000746835779864341;0;0
10499;2081;-0.1309374272823334;-1.02858579158783;-0.000746835779864341;0;0
10500;2082;-0.1316702663898468;-1.029807209968567;-0.001112474128603935;0;0
10509;2083;-0.1319145411252976;-1.027854561805725;0.0007172735640779138;0;0
10513;2084;-0.1333786547183991;-1.025534629821777;0.003037132322788239;0;0
10515;2085;-0.1306947022676468;-1.027244687080383;0.006211184430867434;0;0
10519;2086;-0.1321588158607483;-1.028098821640015;0.00523407431319356;0;0
10525;2087;-0.1330130100250244;-1.027854561805725;0.004745519254356623;0;0
10529;2088;-0.1319145411252976;-1.027610301971436;0.007431016303598881;0;0
10535;2089;-0.130327507853508;-1.026267528533936;0.01121498458087444;0;0
10540;2090;-0.130450427532196;-1.027487397193909;0.01097070705145598;0;0
10553;2091;-0.1298389583826065;-1.027121663093567;0.01414475869387388;0;0
10553;2092;-0.1309374272823334;-1.025046110153198;0.01853864267468453;0;0
10560;2093;-0.1288634091615677;-1.023337721824646;0.01902719773352146;0;0
10566;2094;-0.1277649402618408;-1.024924755096436;0.01963866874575615;0;0
10566;2095;-0.1278862953186035;-1.026756048202515;0.02256688848137856;0;0
10571;2096;-0.1291076838970184;-1.024801850318909;0.02024858631193638;0;0
10576;2097;-0.1280092149972916;-1.025657653808594;0.02110277861356735;0;0
10580;2098;-0.1298389583826065;-1.029685854911804;0.02598521858453751;0;0
10585;2099;-0.1344786733388901;-1.029807209968567;0.02500966377556324;0;0
10590;2100;-0.1359427869319916;-1.032004117965698;0.02513102442026138;0;0
10598;2101;-0.1364313364028931;-1.029318690299988;0.02305544354021549;0;0
10603;2102;-0.1369199007749558;-1.031149983406067;0.02207988873124123;0;0
10608;2103;-0.1421679705381393;-1.032737016677856;0.02061422355473042;0;0
10613;2104;-0.1409481465816498;-1.031149983406067;0.02049286291003227;0;0
10616;2105;-0.1414351463317871;-1.032004117965698;0.01499895192682743;0;0
10621;2106;-0.1419236958026886;-1.028830051422119;0.009872235357761383;0;0
10626;2107;-0.1433893591165543;-1.027244687080383;0.01231345534324646;0;0
10631;2108;-0.1418023407459259;-1.024924755096436;0.00914095900952816;0;0
10636;2109;-0.1389939188957214;-1.02992856502533;0.005112713202834129;0;0
10641;2110;-0.1381397247314453;-1.030172824859619;0.005112713202834129;0;0
10647;2111;-0.1336229294538498;-1.028952956199646;0.002548577031120658;0;0
10651;2112;-0.1313046216964722;-1.030784368515015;0.002427216386422515;0;0
10660;2113;-0.132403090596199;-1.030661344528198;0.004868435673415661;0;0
10661;2114;-0.1331359297037125;-1.029197335243225;0.004868435673415661;0;0
10666;2115;-0.1309374272823334;-1.027731657028198;0.003158492967486382;0;0
10671;2116;-0.1284962147474289;-1.026877403259277;0.003647048026323319;0;0
10676;2117;-0.1325244605541229;-1.029562950134277;0.004135603085160255;0;0
10681;2118;-0.1302061527967453;-1.027487397193909;0.00584399001672864;0;0
10686;2119;-0.1319145411252976;-1.028343081474304;0.008652403950691223;0;0
10692;2120;-0.1349656730890274;-1.030539989471436;0.01048370730131865;0;0
10697;2121;-0.1350885927677155;-1.029074430465698;0.01036079041659832;0;0
10702;2122;-0.1352099478244782;-1.029685854911804;0.01329056546092033;0;0
10708;2123;-0.136308416724205;-1.02858579158783;0.01390048116445541;0;0
10711;2124;-0.1372855305671692;-1.030051469802856;0.01451195310801268;0;0
10716;2125;-0.1408252269029617;-1.029197335243225;0.01255773287266493;0;0
10721;2126;-0.1418023407459259;-1.030051469802856;0.01377912051975727;0;0
10726;2127;-0.1438763588666916;-1.030417084693909;0.01731881126761437;0;0
10731;2128;-0.1485160738229752;-1.031638503074646;0.01438903622329235;0;0
10738;2129;-0.1461962163448334;-1.032004117965698;0.0178073663264513;0;0
10741;2130;-0.1499801874160767;-1.030172824859619;0.0176844485104084;0;0
10748;2131;-0.1516885757446289;-1.03127133846283;0.01756308786571026;0;0
10752;2132;-0.1526656895875931;-1.030172824859619;0.02036994695663452;0;0
10757;2133;-0.1512015759944916;-1.032858371734619;0.01756308786571026;0;0
10762;2134;-0.1542527079582214;-1.031149983406067;0.01731881126761437;0;0
10767;2135;-0.1582809537649155;-1.033469796180725;0.02024858631193638;0;0
10773;2136;-0.1548626273870468;-1.031149983406067;0.01939439214766026;0;0
10778;2137;-0.153887078166008;-1.03127133846283;0.01841728202998638;0;0
10782;2138;-0.155839741230011;-1.030417084693909;0.02012566849589348;0;0
10788;2139;-0.158769503235817;-1.029685854911804;0.01829592138528824;0;0
10796;2140;-0.157915323972702;-1.030295729637146;0.02098141796886921;0;0
10802;2141;-0.1564496457576752;-1.029074430465698;0.02268980443477631;0;0
10809;2142;-0.1562053710222244;-1.028343081474304;0.02220124937593937;0;0
10809;2143;-0.1564496457576752;-1.028952956199646;0.02500966377556324;0;0
10815;2144;-0.1543740630149841;-1.027366042137146;0.02537530288100243;0;0
10818;2145;-0.1562053710222244;-1.026267528533936;0.02439819276332855;0;0
10823;2146;-0.1502244621515274;-1.027366042137146;0.0245211087167263;0;0
10828;2147;-0.1491259932518005;-1.026877403259277;0.02427683025598526;0;0
10833;2148;-0.1483931541442871;-1.026633143424988;0.0247653853148222;0;0
10843;2149;-0.1488817185163498;-1.027975916862488;0.02500966377556324;0;0
10844;2150;-0.147538959980011;-1.030539989471436;0.02439819276332855;0;0
10850;2151;-0.1438763588666916;-1.030295729637146;0.02366691455245018;0;0
10856;2152;-0.1466847807168961;-1.028708696365356;0.0247653853148222;0;0
10861;2153;-0.1458305865526199;-1.029197335243225;0.02513102442026138;0;0
10864;2154;-0.1439992785453796;-1.028343081474304;0.02488674782216549;0;0
10868;2155;-0.1450977474451065;-1.030172824859619;0.02561957947909832;0;0
10873;2156;-0.145586296916008;-1.028343081474304;0.02293408289551735;0;0
10878;2157;-0.1442435532808304;-1.026633143424988;0.02342263795435429;0;0
10883;2158;-0.1438763588666916;-1.030051469802856;0.02281116507947445;0;0
10890;2159;-0.143633633852005;-1.029685854911804;0.01902719773352146;0;0
10895;2160;-0.1418023407459259;-1.030661344528198;0.02061422355473042;0;0
10900;2161;-0.1431450843811035;-1.031394243240356;0.02183561213314533;0;0
10906;2162;-0.142656534910202;-1.031638503074646;0.01756308786571026;0;0
10908;2163;-0.1422908902168274;-1.033714056015015;0.01658597774803639;0;0
10913;2164;-0.1427778899669647;-1.031759858131409;0.01707453280687332;0;0
10918;2165;-0.143510714173317;-1.031638503074646;0.01573178544640541;0;0
10923;2166;-0.1454633921384811;-1.030784368515015;0.0178073663264513;0;0
10928;2167;-0.145586296916008;-1.029074430465698;0.01695317216217518;0;0
10934;2168;-0.1419236958026886;-1.032248377799988;0.01475467439740896;0;0
10939;2169;-0.142656534910202;-1.032492756843567;0.01683025620877743;0;0
10948;2170;-0.1458305865526199;-1.030172824859619;0.01963866874575615;0;0
10952;2171;-0.1461962163448334;-1.03127133846283;0.01683025620877743;0;0
10954;2172;-0.1448534727096558;-1.029318690299988;0.01878292113542557;0;0
10958;2173;-0.1457076668739319;-1.02858579158783;0.01829592138528824;0;0
10963;2174;-0.1450977474451065;-1.026023268699646;0.01744017191231251;0;0
10969;2175;-0.145586296916008;-1.027000308036804;0.01963866874575615;0;0
10973;2176;-0.1474176049232483;-1.030051469802856;0.01792872697114945;0;0
10979;2177;-0.1466847807168961;-1.028708696365356;0.01695317216217518;0;0
10987;2178;-0.1464404910802841;-1.027854561805725;0.01548750698566437;0;0
10991;2179;-0.1443649083375931;-1.02992856502533;0.0195157527923584;0;0
10996;2180;-0.1448534727096558;-1.033102631568909;0.02244552783668041;0;0
11001;2181;-0.1457076668739319;-1.030784368515015;0.0212241392582655;0;0
11005;2182;-0.1457076668739319;-1.031638503074646;0.02488674782216549;0;0
11009;2183;-0.1447321027517319;-1.030784368515015;0.02293408289551735;0;0
11015;2184;-0.146561861038208;-1.030784368515015;0.02854935452342033;0;0
11019;2185;-0.1486374437808991;-1.029685854911804;0.02390963584184647;0;0
11024;2186;-0.1502244621515274;-1.030172824859619;0.0245211087167263;0;0
11032;2187;-0.1494916379451752;-1.031149983406067;0.02293408289551735;0;0
11038;2188;-0.1520557701587677;-1.030172824859619;0.02354399859905243;0;0
11042;2189;-0.1529099643230438;-1.031882762908936;0.02500966377556324;0;0
11048;2190;-0.151811495423317;-1.028952956199646;0.02305544354021549;0;0
11052;2191;-0.1519328504800797;-1.029318690299988;0.02378827519714832;0;0
11055;2192;-0.1474176049232483;-1.031882762908936;0.02378827519714832;0;0
11059;2193;-0.1481488794088364;-1.031882762908936;0.01976003125309944;0;0
11064;2194;-0.1442435532808304;-1.030417084693909;0.02171269431710243;0;0
11069;2195;-0.1454633921384811;-1.030539989471436;0.02024858631193638;0;0
11075;2196;-0.144609197974205;-1.031515598297119;0.01658597774803639;0;0
11083;2197;-0.1438763588666916;-1.031882762908936;0.01487759128212929;0;0
11085;2198;-0.1387496441602707;-1.033346891403198;0.01255773287266493;0;0
11093;2199;-0.1400923877954483;-1.031394243240356;0.01341192610561848;0;0
11098;2200;-0.1400923877954483;-1.031394243240356;0.01097070705145598;0;0
11100;2201;-0.1418023407459259;-1.030905723571777;0.009506597183644772;0;0
11105;2202;-0.1420466154813767;-1.032492756843567;0.008896681480109692;0;0
11110;2203;-0.1442435532808304;-1.034079790115356;0.008773764595389366;0;0
11115;2204;-0.1459519416093826;-1.034568309783936;0.004014242440462112;0;0
11120;2205;-0.1452191025018692;-1.034568309783936;0.005478351842612028;0;0
11125;2206;-0.1508343815803528;-1.036155343055725;0.007186738774180412;0;0
11133;2207;-0.1493702679872513;-1.037375092506409;0.00584399001672864;0;0
11137;2208;-0.1521771252155304;-1.036398053169251;0.008652403950691223;0;0
11142;2209;-0.1529099643230438;-1.035911083221436;0.009872235357761383;0;0
11147;2210;-0.1530313193798065;-1.03554379940033;0.008285209536552429;0;0
11150;2211;-0.1529099643230438;-1.031149983406067;0.01316920481622219;0;0
11155;2212;-0.1523000448942184;-1.03127133846283;0.01145926211029291;0;0
11160;2213;-0.1529099643230438;-1.030295729637146;0.01304628793150187;0;0
11165;2214;-0.15376415848732;-1.030295729637146;0.01597606204450131;0;0
11171;2215;-0.1535198837518692;-1.032981276512146;0.01866155862808228;0;0
11176;2216;-0.1540084332227707;-1.034812569618225;0.01426767557859421;0;0
11183;2217;-0.1524213999509811;-1.03395676612854;0.01939439214766026;0;0
11189;2218;-0.1541313529014587;-1.03127133846283;0.01927147619426251;0;0
11194;2219;-0.1499801874160767;-1.031638503074646;0.02256688848137856;0;0
11198;2220;-0.1493702679872513;-1.030172824859619;0.02342263795435429;0;0
11201;2221;-0.1492473483085632;-1.028830051422119;0.02415391430258751;0;0
11205;2222;-0.146561861038208;-1.027121663093567;0.02415391430258751;0;0
11211;2223;-0.147661879658699;-1.028343081474304;0.0245211087167263;0;0
11216;2224;-0.1474176049232483;-1.027610301971436;0.0213470570743084;0;0
11221;2225;-0.1444878280162811;-1.030417084693909;0.02207988873124123;0;0
11230;2226;-0.1438763588666916;-1.029685854911804;0.02305544354021549;0;0
11235;2227;-0.1424122452735901;-1.028952956199646;0.02220124937593937;0;0
11236;2228;-0.1387496441602707;-1.029807209968567;0.01939439214766026;0;0
11245;2229;-0.1393611133098602;-1.028220176696777;0.01902719773352146;0;0
11246;2230;-0.1356985121965408;-1.026633143424988;0.02073714137077332;0;0
11251;2231;-0.1349656730890274;-1.028830051422119;0.02110277861356735;0;0
11256;2232;-0.1344786733388901;-1.030295729637146;0.01646461710333824;0;0
11261;2233;-0.1338672041893005;-1.029562950134277;0.0178073663264513;0;0
11266;2234;-0.1328916549682617;-1.029074430465698;0.01597606204450131;0;0
11271;2235;-0.1319145411252976;-1.032371401786804;0.02036994695663452;0;0
11281;2236;-0.132280170917511;-1.031394243240356;0.02098141796886921;0;0
11286;2237;-0.1339901238679886;-1.030661344528198;0.01963866874575615;0;0
11291;2238;-0.1332572847604752;-1.029562950134277;0.01536614634096623;0;0
11295;2239;-0.1356985121965408;-1.028220176696777;0.01438903622329235;0;0
11297;2240;-0.1388725638389587;-1.029441595077515;0.01561042387038469;0;0
11301;2241;-0.1378954499959946;-1.026633143424988;0.01268064975738525;0;0
11306;2242;-0.1392381936311722;-1.028220176696777;0.01036079041659832;0;0
11312;2243;-0.139605388045311;-1.030539989471436;0.01109362300485373;0;0
11317;2244;-0.1360641419887543;-1.033835411071777;0.00914095900952816;0;0
11333;2245;-0.1366756111383438;-1.027487397193909;0.008042488247156143;0;0
11333;2246;-0.1378954499959946;-1.031394243240356;0.01036079041659832;0;0
11339;2247;-0.1407038569450378;-1.03127133846283;0.007675293833017349;0;0
11344;2248;-0.1389939188957214;-1.030905723571777;0.00975087471306324;0;0
11344;2249;-0.1399710327386856;-1.031149983406067;0.007186738774180412;0;0
11349;2250;-0.1410695016384125;-1.031028628349304;0.01011651288717985;0;0
11352;2251;-0.1387496441602707;-1.027731657028198;0.01084934547543526;0;0
11357;2252;-0.1385069191455841;-1.029441595077515;0.009995152242481709;0;0
11362;2253;-0.140580952167511;-1.030784368515015;0.007431016303598881;0;0
11367;2254;-0.1411908566951752;-1.030784368515015;0.007309655193239451;0;0
11378;2255;-0.1391168385744095;-1.028830051422119;0.008408126421272755;0;0
11378;2256;-0.1399710327386856;-1.025046110153198;0.01341192610561848;0;0
11387;2257;-0.139605388045311;-1.028952956199646;0.01255773287266493;0;0
11391;2258;-0.1419236958026886;-1.030661344528198;0.0152432294562459;0;0
11393;2259;-0.1422908902168274;-1.030172824859619;0.01451195310801268;0;0
11397;2260;-0.1399710327386856;-1.029685854911804;0.01414475869387388;0;0
11403;2261;-0.1391168385744095;-1.029562950134277;0.01390048116445541;0;0
11407;2262;-0.1391168385744095;-1.03127133846283;0.01316920481622219;0;0
11412;2263;-0.1400923877954483;-1.031515598297119;0.01182645559310913;0;0
11418;2264;-0.1411908566951752;-1.030905723571777;0.01182645559310913;0;0
11426;2265;-0.1393611133098602;-1.029197335243225;0.0135348429903388;0;0
11430;2266;-0.1352099478244782;-1.02858579158783;0.01145926211029291;0;0
11433;2267;-0.1380183696746826;-1.027975916862488;0.01133790053427219;0;0
11441;2268;-0.1375298053026199;-1.029807209968567;0.0135348429903388;0;0
11444;2269;-0.136308416724205;-1.029562950134277;0.009627957828342915;0;0
11448;2270;-0.1361870616674423;-1.032248377799988;0.00914095900952816;0;0
11453;2271;-0.1341114789247513;-1.03127133846283;0.006942461244761944;0;0
11458;2272;-0.1371641755104065;-1.032248377799988;0.005112713202834129;0;0
11463;2273;-0.1348443180322647;-1.033469796180725;0.006699739489704371;0;0
11469;2274;-0.1328916549682617;-1.032371401786804;0.005966906901448965;0;0
11474;2275;-0.1367969810962677;-1.032981276512146;0.006576822604984045;0;0
11481;2276;-0.1399710327386856;-1.031394243240356;0.005478351842612028;0;0
11487;2277;-0.1410695016384125;-1.030172824859619;0.002914215438067913;0;0
11491;2278;-0.1409481465816498;-1.02992856502533;0.002671493915840983;0;0
11496;2279;-0.143633633852005;-1.031759858131409;0.00523407431319356;0;0
11498;2280;-0.1448534727096558;-1.032127022743225;0.007919571362435818;0;0
11503;2281;-0.1450977474451065;-1.02992856502533;0.008163848891854286;0;0
11508;2282;-0.1461962163448334;-1.029197335243225;0.01060506794601679;0;0
11513;2283;-0.1454633921384811;-1.030784368515015;0.01084934547543526;0;0
11521;2284;-0.1421679705381393;-1.031882762908936;0.00975087471306324;0;0
11523;2285;-0.1443649083375931;-1.032127022743225;0.01329056546092033;0;0
11529;2286;-0.1442435532808304;-1.031515598297119;0.01304628793150187;0;0
11537;2287;-0.142533615231514;-1.030295729637146;0.01133790053427219;0;0
11538;2288;-0.1444878280162811;-1.030417084693909;0.01145926211029291;0;0
11543;2289;-0.1418023407459259;-1.030661344528198;0.01231345534324646;0;0
11548;2290;-0.1427778899669647;-1.030172824859619;0.01341192610561848;0;0
11554;2291;-0.142656534910202;-1.030051469802856;0.01707453280687332;0;0
11558;2292;-0.141558051109314;-1.030784368515015;0.01561042387038469;0;0
11564;2293;-0.1464404910802841;-1.030051469802856;0.0128020104020834;0;0
11573;2294;-0.1463191360235214;-1.027000308036804;0.0135348429903388;0;0
11578;2295;-0.1441206336021423;-1.029807209968567;0.01438903622329235;0;0
11585;2296;-0.1452191025018692;-1.029807209968567;0.01365620363503695;0;0
11585;2297;-0.143633633852005;-1.02992856502533;0.01182645559310913;0;0
11590;2298;-0.1400923877954483;-1.030661344528198;0.01390048116445541;0;0
11594;2299;-0.139605388045311;-1.029318690299988;0.01145926211029291;0;0
11599;2300;-0.1409481465816498;-1.027610301971436;0.01170353963971138;0;0
11604;2301;-0.1392381936311722;-1.029441595077515;0.01316920481622219;0;0
11609;2302;-0.1393611133098602;-1.029074430465698;0.01231345534324646;0;0
11615;2303;-0.1392381936311722;-1.028098821640015;0.01060506794601679;0;0
11619;2304;-0.136552706360817;-1.029562950134277;0.01097070705145598;0;0
11624;2305;-0.1356985121965408;-1.029807209968567;0.01194781716912985;0;0
11630;2306;-0.1359427869319916;-1.029318690299988;0.01316920481622219;0;0
11635;2307;-0.1370412558317184;-1.033102631568909;0.01609742268919945;0;0
11639;2308;-0.1328916549682617;-1.032248377799988;0.02000430785119534;0;0
11644;2309;-0.134355753660202;-1.030295729637146;0.01744017191231251;0;0
11649;2310;-0.1403366625308991;-1.031882762908936;0.01548750698566437;0;0
11655;2311;-0.1381397247314453;-1.03261411190033;0.01707453280687332;0;0
11659;2312;-0.140580952167511;-1.030784368515015;0.01646461710333824;0;0
11669;2313;-0.1453420221805573;-1.030172824859619;0.01878292113542557;0;0
11673;2314;-0.1477832496166229;-1.027610301971436;0.02085850201547146;0;0
11678;2315;-0.1452191025018692;-1.026388883590698;0.01756308786571026;0;0
11680;2316;-0.1490030735731125;-1.02858579158783;0.01902719773352146;0;0
11685;2317;-0.1508343815803528;-1.028220176696777;0.01683025620877743;0;0
11690;2318;-0.1487603485584259;-1.028830051422119;0.01817300356924534;0;0
11695;2319;-0.1485160738229752;-1.030905723571777;0.01866155862808228;0;0
11700;2320;-0.1482717990875244;-1.031759858131409;0.01377912051975727;0;0
11705;2321;-0.1474176049232483;-1.030905723571777;0.01939439214766026;0;0
11710;2322;-0.1480275243520737;-1.030295729637146;0.0213470570743084;0;0
11717;2323;-0.1464404910802841;-1.029562950134277;0.02195697277784348;0;0
11722;2324;-0.1479046046733856;-1.028098821640015;0.02415391430258751;0;0
11725;2325;-0.1524213999509811;-1.028464436531067;0.02537530288100243;0;0
11732;2326;-0.1563282907009125;-1.027854561805725;0.02366691455245018;0;0
11735;2327;-0.1585252285003662;-1.027244687080383;0.02781652100384235;0;0
11740;2328;-0.1566939353942871;-1.026877403259277;0.0276936050504446;0;0
11745;2329;-0.1604778915643692;-1.028343081474304;0.03001346439123154;0;0
11750;2330;-0.1595007926225662;-1.027731657028198;0.03416306897997856;0;0
11756;2331;-0.1551069021224976;-1.030539989471436;0.03404171019792557;0;0
11761;2332;-0.1533985137939453;-1.030661344528198;0.02842643670737743;0;0
11768;2333;-0.149614542722702;-1.030417084693909;0.02732796594500542;0;0
11775;2334;-0.1479046046733856;-1.030051469802856;0.02708368934690952;0;0
11779;2335;-0.145586296916008;-1.031149983406067;0.02561957947909832;0;0
11782;2336;-0.1409481465816498;-1.02992856502533;0.02732796594500542;0;0
11786;2337;-0.1411908566951752;-1.030051469802856;0.02574094012379646;0;0
11791;2338;-0.139605388045311;-1.030051469802856;0.02305544354021549;0;0
11796;2339;-0.1429008096456528;-1.030784368515015;0.02390963584184647;0;0
11801;2340;-0.1449763923883438;-1.031149983406067;0.02256688848137856;0;0
11806;2341;-0.143510714173317;-1.030417084693909;0.02183561213314533;0;0
11811;2342;-0.1458305865526199;-1.028098821640015;0.0178073663264513;0;0
11819;2343;-0.145586296916008;-1.030661344528198;0.0178073663264513;0;0
11824;2344;-0.146561861038208;-1.032248377799988;0.01487759128212929;0;0
11830;2345;-0.1453420221805573;-1.032127022743225;0.01268064975738525;0;0
11831;2346;-0.1449763923883438;-1.031028628349304;0.01243637222796679;0;0
11836;2347;-0.1469290554523468;-1.03261411190033;0.0176844485104084;0;0
11841;2348;-0.1492473483085632;-1.033225536346436;0.01719745062291622;0;0
11846;2349;-0.1477832496166229;-1.032858371734619;0.01878292113542557;0;0
11851;2350;-0.1443649083375931;-1.031028628349304;0.01853864267468453;0;0
11856;2351;-0.1438763588666916;-1.032858371734619;0.02085850201547146;0;0
11863;2352;-0.1439992785453796;-1.031882762908936;0.02549666352570057;0;0
11870;2353;-0.1433893591165543;-1.032004117965698;0.02244552783668041;0;0
11878;2354;-0.1399710327386856;-1.033469796180725;0.02098141796886921;0;0
11878;2355;-0.142533615231514;-1.034933924674988;0.02415391430258751;0;0
11886;2356;-0.1410695016384125;-1.033835411071777;0.02305544354021549;0;0
11887;2357;-0.1443649083375931;-1.030051469802856;0.02329972013831139;0;0
11892;2358;-0.1447321027517319;-1.029441595077515;0.02415391430258751;0;0
11896;2359;-0.1452191025018692;-1.028708696365356;0.02745088376104832;0;0
11901;2360;-0.145586296916008;-1.030784368515015;0.02415391430258751;0;0
11907;2361;-0.1461962163448334;-1.031515598297119;0.02561957947909832;0;0
11914;2362;-0.1447321027517319;-1.03127133846283;0.02659513428807259;0;0
11919;2363;-0.1454633921384811;-1.030905723571777;0.02305544354021549;0;0
11924;2364;-0.147538959980011;-1.030417084693909;0.02183561213314533;0;0
11929;2365;-0.1461962163448334;-1.03127133846283;0.02293408289551735;0;0
11932;2366;-0.1438763588666916;-1.029441595077515;0.02207988873124123;0;0
11937;2367;-0.145586296916008;-1.032127022743225;0.02207988873124123;0;0
11942;2368;-0.1448534727096558;-1.031759858131409;0.02183561213314533;0;0
11947;2369;-0.1411908566951752;-1.029197335243225;0.0213470570743084;0;0
11952;2370;-0.1416794210672379;-1.028708696365356;0.02049286291003227;0;0
11965;2371;-0.1416794210672379;-1.029562950134277;0.02439819276332855;0;0
11965;2372;-0.1420466154813767;-1.031028628349304;0.02256688848137856;0;0
11971;2373;-0.142533615231514;-1.029197335243225;0.02268980443477631;0;0
11979;2374;-0.142533615231514;-1.029441595077515;0.02098141796886921;0;0
11979;2375;-0.1449763923883438;-1.030172824859619;0.02110277861356735;0;0
11985;2376;-0.1450977474451065;-1.029197335243225;0.02525238506495953;0;0
11989;2377;-0.1457076668739319;-1.03127133846283;0.02549666352570057;0;0
11993;2378;-0.1499801874160767;-1.032248377799988;0.02683941088616848;0;0
11998;2379;-0.1509573012590408;-1.033225536346436;0.02854935452342033;0;0
12002;2380;-0.1521771252155304;-1.032004117965698;0.02586385793983936;0;0
12008;2381;-0.1461962163448334;-1.02858579158783;0.02708368934690952;0;0
12017;2382;-0.1450977474451065;-1.031394243240356;0.02940354682505131;0;0
12022;2383;-0.1514458507299423;-1.032371401786804;0.02867071516811848;0;0
12028;2384;-0.1461962163448334;-1.030051469802856;0.03245468437671661;0;0
12028;2385;-0.1439992785453796;-1.031149983406067;0.02952490746974945;0;0
12033;2386;-0.1468061357736588;-1.032004117965698;0.02915927022695541;0;0
12038;2387;-0.1444878280162811;-1.032127022743225;0.03245468437671661;0;0
12043;2388;-0.1461962163448334;-1.02992856502533;0.02928063087165356;0;0
12048;2389;-0.1459519416093826;-1.030051469802856;0.03062338009476662;0;0
12054;2390;-0.1450977474451065;-1.02858579158783;0.03453026339411736;0;0
12062;2391;-0.1450977474451065;-1.028952956199646;0.02842643670737743;0;0
12068;2392;-0.1471733301877976;-1.028952956199646;0.02781652100384235;0;0
12075;2393;-0.1453420221805573;-1.029074430465698;0.02818216010928154;0;0
12075;2394;-0.1450977474451065;-1.030172824859619;0.02683941088616848;0;0
12080;2395;-0.1460748612880707;-1.027610301971436;0.02720660530030727;0;0
12084;2396;-0.1458305865526199;-1.030051469802856;0.02696232870221138;0;0
12088;2397;-0.1493702679872513;-1.030539989471436;0.02818216010928154;0;0
12094;2398;-0.1458305865526199;-1.030661344528198;0.02659513428807259;0;0
12099;2399;-0.1459519416093826;-1.028952956199646;0.02854935452342033;0;0
12105;2400;-0.1460748612880707;-1.031028628349304;0.02757224440574646;0;0
12111;2401;-0.1432664394378662;-1.030172824859619;0.02903635241091251;0;0
12117;2402;-0.1469290554523468;-1.030905723571777;0.02915927022695541;0;0
12124;2403;-0.1461962163448334;-1.031515598297119;0.03050201945006847;0;0
12128;2404;-0.1471733301877976;-1.032004117965698;0.02940354682505131;0;0
12132;2405;-0.1450977474451065;-1.02992856502533;0.02610813453793526;0;0
12134;2406;-0.1459519416093826;-1.030295729637146;0.02867071516811848;0;0
12139;2407;-0.1477832496166229;-1.029807209968567;0.0262294951826334;0;0
12144;2408;-0.1474176049232483;-1.032248377799988;0.02854935452342033;0;0
12149;2409;-0.1481488794088364;-1.030417084693909;0.02879363112151623;0;0
12157;2410;-0.1444878280162811;-1.029441595077515;0.02683941088616848;0;0
12162;2411;-0.1432664394378662;-1.02992856502533;0.02403255365788937;0;0
12167;2412;-0.1441206336021423;-1.02992856502533;0.02305544354021549;0;0
12169;2413;-0.1449763923883438;-1.031515598297119;0.02464246936142445;0;0
12174;2414;-0.1454633921384811;-1.030905723571777;0.02098141796886921;0;0
12179;2415;-0.1443649083375931;-1.030905723571777;0.02085850201547146;0;0
12184;2416;-0.1466847807168961;-1.033225536346436;0.02342263795435429;0;0
12189;2417;-0.1480275243520737;-1.028708696365356;0.02012566849589348;0;0
12196;2418;-0.1457076668739319;-1.030784368515015;0.01988139189779759;0;0
12200;2419;-0.146561861038208;-1.030905723571777;0.01976003125309944;0;0
12210;2420;-0.1464404910802841;-1.034445405006409;0.02024858631193638;0;0
12217;2421;-0.1459519416093826;-1.032004117965698;0.01890583708882332;0;0
12217;2422;-0.1479046046733856;-1.029441595077515;0.01841728202998638;0;0
12223;2423;-0.1469290554523468;-1.030661344528198;0.01829592138528824;0;0
12227;2424;-0.1437550038099289;-1.029318690299988;0.01670889556407929;0;0
12232;2425;-0.144609197974205;-1.031638503074646;0.01658597774803639;0;0
12235;2426;-0.1441206336021423;-1.031515598297119;0.01744017191231251;0;0
12240;2427;-0.1452191025018692;-1.032858371734619;0.01695317216217518;0;0
12244;2428;-0.1430221647024155;-1.029807209968567;0.01976003125309944;0;0
12255;2429;-0.1416794210672379;-1.030295729637146;0.01829592138528824;0;0
12261;2430;-0.1421679705381393;-1.029807209968567;0.0152432294562459;0;0
12261;2431;-0.1449763923883438;-1.030172824859619;0.01402339804917574;0;0
12267;2432;-0.1448534727096558;-1.030172824859619;0.01561042387038469;0;0
12270;2433;-0.1437550038099289;-1.028098821640015;0.01707453280687332;0;0
12275;2434;-0.1404595822095871;-1.029562950134277;0.01853864267468453;0;0
12280;2435;-0.1409481465816498;-1.032248377799988;0.01915011368691921;0;0
12285;2436;-0.1430221647024155;-1.031394243240356;0.01902719773352146;0;0
12290;2437;-0.1431450843811035;-1.031149983406067;0.01976003125309944;0;0
12295;2438;-0.1427778899669647;-1.030172824859619;0.01866155862808228;0;0
12305;2439;-0.1410695016384125;-1.031882762908936;0.01988139189779759;0;0
12310;2440;-0.143633633852005;-1.029074430465698;0.02207988873124123;0;0
12315;2441;-0.1420466154813767;-1.031515598297119;0.02220124937593937;0;0
12315;2442;-0.1385069191455841;-1.030417084693909;0.02159133367240429;0;0
12321;2443;-0.138628289103508;-1.028464436531067;0.0212241392582655;0;0
12326;2444;-0.1394824832677841;-1.02992856502533;0.0195157527923584;0;0
12330;2445;-0.1400923877954483;-1.032127022743225;0.01853864267468453;0;0
12335;2446;-0.1383839994668961;-1.03127133846283;0.02171269431710243;0;0
12340;2447;-0.1397267580032349;-1.03127133846283;0.02232416719198227;0;0
12346;2448;-0.1399710327386856;-1.033225536346436;0.02036994695663452;0;0
12358;2449;-0.1429008096456528;-1.029441595077515;0.02061422355473042;0;0
12358;2450;-0.1433893591165543;-1.029441595077515;0.01744017191231251;0;0
12365;2451;-0.1452191025018692;-1.031149983406067;0.02012566849589348;0;0
12368;2452;-0.1487603485584259;-1.030051469802856;0.01548750698566437;0;0
12371;2453;-0.1502244621515274;-1.030051469802856;0.01792872697114945;0;0
12376;2454;-0.1491259932518005;-1.029807209968567;0.02024858631193638;0;0
12381;2455;-0.1514458507299423;-1.030905723571777;0.0180516429245472;0;0
12386;2456;-0.1482717990875244;-1.030172824859619;0.01927147619426251;0;0
12391;2457;-0.1483931541442871;-1.029074430465698;0.02073714137077332;0;0
12396;2458;-0.1469290554523468;-1.028952956199646;0.01915011368691921;0;0
12405;2459;-0.1466847807168961;-1.031759858131409;0.0212241392582655;0;0
12410;2460;-0.1474176049232483;-1.031028628349304;0.02110277861356735;0;0
12414;2461;-0.1461962163448334;-1.029074430465698;0.0262294951826334;0;0
12416;2462;-0.1503458321094513;-1.02858579158783;0.02671805024147034;0;0
12421;2463;-0.1499801874160767;-1.030539989471436;0.02329972013831139;0;0
12426;2464;-0.1501031070947647;-1.030784368515015;0.0247653853148222;0;0
12431;2465;-0.1523000448942184;-1.028098821640015;0.02537530288100243;0;0
12436;2466;-0.1548626273870468;-1.026023268699646;0.02439819276332855;0;0
12441;2467;-0.1576710343360901;-1.026144623756409;0.0245211087167263;0;0
12451;2468;-0.1560840159654617;-1.026267528533936;0.02513102442026138;0;0
12456;2469;-0.1524213999509811;-1.027731657028198;0.02549666352570057;0;0
12461;2470;-0.147538959980011;-1.028220176696777;0.02293408289551735;0;0
12466;2471;-0.1450977474451065;-1.029318690299988;0.02232416719198227;0;0
12467;2472;-0.1459519416093826;-1.029562950134277;0.02171269431710243;0;0
12471;2473;-0.139605388045311;-1.027731657028198;0.0213470570743084;0;0
12477;2474;-0.1376511752605438;-1.028343081474304;0.01927147619426251;0;0
12481;2475;-0.1371641755104065;-1.028708696365356;0.01499895192682743;0;0
12486;2476;-0.1350885927677155;-1.027244687080383;0.01719745062291622;0;0
12493;2477;-0.1352099478244782;-1.029318690299988;0.01744017191231251;0;0
12498;2478;-0.1336229294538498;-1.032127022743225;0.01475467439740896;0;0
12503;2479;-0.1374069005250931;-1.030417084693909;0.01231345534324646;0;0
12510;2480;-0.1389939188957214;-1.031759858131409;0.01536614634096623;0;0
12515;2481;-0.1422908902168274;-1.027854561805725;0.01316920481622219;0;0
12517;2482;-0.1444878280162811;-1.030905723571777;0.01060506794601679;0;0
12522;2483;-0.1432664394378662;-1.032248377799988;0.01060506794601679;0;0
12560;2484;-0.1442435532808304;-1.033591151237488;0.00914095900952816;0;0
12560;2485;-0.1438763588666916;-1.031638503074646;0.008042488247156143;0;0
12561;2486;-0.1459519416093826;-1.033469796180725;0.01231345534324646;0;0
12561;2487;-0.1441206336021423;-1.033714056015015;0.01536614634096623;0;0
12561;2488;-0.1466847807168961;-1.033469796180725;0.01097070705145598;0;0
12562;2489;-0.1453420221805573;-1.032858371734619;0.01414475869387388;0;0
12562;2490;-0.142656534910202;-1.032737016677856;0.01097070705145598;0;0
12566;2491;-0.1463191360235214;-1.033469796180725;0.01231345534324646;0;0
12584;2492;-0.1454633921384811;-1.03554379940033;0.01182645559310913;0;0
12585;2493;-0.1450977474451065;-1.029318690299988;0.01316920481622219;0;0
12585;2494;-0.1461962163448334;-1.029685854911804;0.01316920481622219;0;0
12586;2495;-0.1450977474451065;-1.030539989471436;0.01597606204450131;0;0
12590;2496;-0.1461962163448334;-1.030051469802856;0.01402339804917574;0;0
12594;2497;-0.1459519416093826;-1.029197335243225;0.01634170114994049;0;0
12598;2498;-0.147538959980011;-1.029685854911804;0.01841728202998638;0;0
12603;2499;-0.1503458321094513;-1.028830051422119;0.01573178544640541;0;0
12616;2500;-0.1482717990875244;-1.028830051422119;0.01475467439740896;0;0
12618;2501;-0.1469290554523468;-1.029807209968567;0.01853864267468453;0;0
12624;2502;-0.1487603485584259;-1.030905723571777;0.01475467439740896;0;0
12625;2503;-0.1448534727096558;-1.028830051422119;0.01499895192682743;0;0
12628;2504;-0.1424122452735901;-1.028343081474304;0.01963866874575615;0;0
12635;2505;-0.1432664394378662;-1.029807209968567;0.0178073663264513;0;0
12638;2506;-0.1416794210672379;-1.02992856502533;0.02159133367240429;0;0
12646;2507;-0.1422908902168274;-1.029074430465698;0.02305544354021549;0;0
12648;2508;-0.1442435532808304;-1.029441595077515;0.02305544354021549;0;0
12654;2509;-0.1450977474451065;-1.029318690299988;0.02342263795435429;0;0
12660;2510;-0.1452191025018692;-1.028343081474304;0.0213470570743084;0;0
12664;2511;-0.1447321027517319;-1.031882762908936;0.02390963584184647;0;0
12670;2512;-0.1468061357736588;-1.029441595077515;0.0212241392582655;0;0
12674;2513;-0.1466847807168961;-1.031028628349304;0.02256688848137856;0;0
12678;2514;-0.1449763923883438;-1.034324049949646;0.02635085582733154;0;0
12683;2515;-0.1490030735731125;-1.031028628349304;0.02146841771900654;0;0
12689;2516;-0.1482717990875244;-1.029441595077515;0.02036994695663452;0;0
12694;2517;-0.147538959980011;-1.030661344528198;0.01756308786571026;0;0
12698;2518;-0.1485160738229752;-1.029441595077515;0.01927147619426251;0;0
12703;2519;-0.149614542722702;-1.030784368515015;0.01829592138528824;0;0
12709;2520;-0.1468061357736588;-1.031759858131409;0.01646461710333824;0;0
12716;2521;-0.1464404910802841;-1.030661344528198;0.01817300356924534;0;0
12719;2522;-0.1474176049232483;-1.030051469802856;0.01585470139980316;0;0
12724;2523;-0.1479046046733856;-1.029807209968567;0.01390048116445541;0;0
12729;2524;-0.149858832359314;-1.02858579158783;0.01365620363503695;0;0
12734;2525;-0.1485160738229752;-1.028708696365356;0.01268064975738525;0;0
12739;2526;-0.146561861038208;-1.02992856502533;0.01072642952203751;0;0
12744;2527;-0.1487603485584259;-1.029807209968567;0.01316920481622219;0;0
12750;2528;-0.1469290554523468;-1.030661344528198;0.01414475869387388;0;0
12757;2529;-0.1479046046733856;-1.031638503074646;0.01731881126761437;0;0
12761;2530;-0.1482717990875244;-1.030905723571777;0.01853864267468453;0;0
12769;2531;-0.1492473483085632;-1.029807209968567;0.02098141796886921;0;0
12770;2532;-0.1490030735731125;-1.030295729637146;0.02110277861356735;0;0
12775;2533;-0.1483931541442871;-1.029318690299988;0.01915011368691921;0;0
12779;2534;-0.1466847807168961;-1.03395676612854;0.01927147619426251;0;0
12784;2535;-0.1486374437808991;-1.033469796180725;0.02207988873124123;0;0
12790;2536;-0.1487603485584259;-1.032127022743225;0.01792872697114945;0;0
12796;2537;-0.1460748612880707;-1.031515598297119;0.02000430785119534;0;0
12801;2538;-0.1454633921384811;-1.030172824859619;0.0212241392582655;0;0
12805;2539;-0.1469290554523468;-1.029807209968567;0.01927147619426251;0;0
12811;2540;-0.147538959980011;-1.032492756843567;0.01939439214766026;0;0
12816;2541;-0.1474176049232483;-1.031759858131409;0.01817300356924534;0;0
12820;2542;-0.1472946852445602;-1.030295729637146;0.01414475869387388;0;0
12825;2543;-0.1493702679872513;-1.030172824859619;0.01609742268919945;0;0
12831;2544;-0.1471733301877976;-1.030784368515015;0.01719745062291622;0;0
12835;2545;-0.1464404910802841;-1.031149983406067;0.01341192610561848;0;0
12840;2546;-0.1471733301877976;-1.031028628349304;0.01597606204450131;0;0
12846;2547;-0.1509573012590408;-1.031394243240356;0.01695317216217518;0;0
12853;2548;-0.1469290554523468;-1.033835411071777;0.01634170114994049;0;0
12857;2549;-0.1449763923883438;-1.032371401786804;0.01670889556407929;0;0
12862;2550;-0.1460748612880707;-1.031394243240356;0.01707453280687332;0;0
12866;2551;-0.1449763923883438;-1.033225536346436;0.01512186881154776;0;0
12870;2552;-0.1442435532808304;-1.032858371734619;0.01731881126761437;0;0
12878;2553;-0.1430221647024155;-1.030539989471436;0.01878292113542557;0;0
12881;2554;-0.1450977474451065;-1.030539989471436;0.01853864267468453;0;0
12885;2555;-0.1463191360235214;-1.031149983406067;0.01890583708882332;0;0
12890;2556;-0.1471733301877976;-1.031394243240356;0.01915011368691921;0;0
12899;2557;-0.1503458321094513;-1.030661344528198;0.0176844485104084;0;0
12903;2558;-0.1492473483085632;-1.028830051422119;0.01817300356924534;0;0
12907;2559;-0.1469290554523468;-1.031028628349304;0.01902719773352146;0;0
12911;2560;-0.1507130265235901;-1.031882762908936;0.02146841771900654;0;0
12916;2561;-0.1474176049232483;-1.032004117965698;0.01915011368691921;0;0
12921;2562;-0.1466847807168961;-1.029197335243225;0.01658597774803639;0;0
12926;2563;-0.1488817185163498;-1.029807209968567;0.01853864267468453;0;0
12932;2564;-0.1485160738229752;-1.031759858131409;0.01646461710333824;0;0
12939;2565;-0.1472946852445602;-1.029197335243225;0.0135348429903388;0;0
12944;2566;-0.1458305865526199;-1.032371401786804;0.01463331375271082;0;0
12949;2567;-0.1448534727096558;-1.033714056015015;0.01597606204450131;0;0
12951;2568;-0.1464404910802841;-1.029441595077515;0.01182645559310913;0;0
12956;2569;-0.1448534727096558;-1.028708696365356;0.01499895192682743;0;0
12963;2570;-0.1461962163448334;-1.030784368515015;0.01475467439740896;0;0
12968;2571;-0.1470504105091095;-1.02992856502533;0.01438903622329235;0;0
12971;2572;-0.1453420221805573;-1.029807209968567;0.01487759128212929;0;0
12976;2573;-0.1469290554523468;-1.029318690299988;0.01438903622329235;0;0
12981;2574;-0.1458305865526199;-1.029197335243225;0.01622034050524235;0;0
12989;2575;-0.1458305865526199;-1.030784368515015;0.01744017191231251;0;0
12991;2576;-0.1424122452735901;-1.030661344528198;0.01927147619426251;0;0
12997;2577;-0.1442435532808304;-1.031028628349304;0.01597606204450131;0;0
13005;2578;-0.1442435532808304;-1.031882762908936;0.0178073663264513;0;0
13009;2579;-0.1431450843811035;-1.032248377799988;0.01573178544640541;0;0
13014;2580;-0.1443649083375931;-1.027975916862488;0.01194781716912985;0;0
13018;2581;-0.1452191025018692;-1.027610301971436;0.01170353963971138;0;0
13021;2582;-0.1447321027517319;-1.032248377799988;0.01304628793150187;0;0
13030;2583;-0.1432664394378662;-1.030661344528198;0.01390048116445541;0;0
13035;2584;-0.1408252269029617;-1.028830051422119;0.01390048116445541;0;0
13037;2585;-0.1411908566951752;-1.028464436531067;0.01390048116445541;0;0
13042;2586;-0.1432664394378662;-1.031515598297119;0.01292492728680372;0;0
13051;2587;-0.1442435532808304;-1.031638503074646;0.01426767557859421;0;0
13055;2588;-0.1459519416093826;-1.032858371734619;0.01561042387038469;0;0
13060;2589;-0.1477832496166229;-1.032371401786804;0.01622034050524235;0;0
13065;2590;-0.1477832496166229;-1.029441595077515;0.01316920481622219;0;0
13067;2591;-0.1485160738229752;-1.029807209968567;0.01268064975738525;0;0
13072;2592;-0.1488817185163498;-1.031515598297119;0.01512186881154776;0;0
13077;2593;-0.1507130265235901;-1.030417084693909;0.01487759128212929;0;0
13083;2594;-0.149614542722702;-1.030172824859619;0.01536614634096623;0;0
13088;2595;-0.1483931541442871;-1.032248377799988;0.01390048116445541;0;0
13092;2596;-0.1481488794088364;-1.032737016677856;0.01841728202998638;0;0
13100;2597;-0.1480275243520737;-1.030784368515015;0.01609742268919945;0;0
13104;2598;-0.1472946852445602;-1.031149983406067;0.01670889556407929;0;0
13108;2599;-0.1486374437808991;-1.029197335243225;0.01915011368691921;0;0
13112;2600;-0.1453420221805573;-1.026756048202515;0.02061422355473042;0;0
13117;2601;-0.1466847807168961;-1.026633143424988;0.02085850201547146;0;0
13122;2602;-0.1497359126806259;-1.026388883590698;0.01902719773352146;0;0
13128;2603;-0.149614542722702;-1.026023268699646;0.0178073663264513;0;0
13136;2604;-0.1494916379451752;-1.026633143424988;0.02061422355473042;0;0
13140;2605;-0.1488817185163498;-1.028098821640015;0.01658597774803639;0;0
13145;2606;-0.1501031070947647;-1.027854561805725;0.01829592138528824;0;0
13147;2607;-0.1470504105091095;-1.027854561805725;0.02049286291003227;0;0
13152;2608;-0.143510714173317;-1.027244687080383;0.0180516429245472;0;0
13159;2609;-0.1394824832677841;-1.028098821640015;0.0152432294562459;0;0
13164;2610;-0.1378954499959946;-1.030661344528198;0.01853864267468453;0;0
13168;2611;-0.1364313364028931;-1.030417084693909;0.01536614634096623;0;0
13172;2612;-0.1371641755104065;-1.02992856502533;0.01548750698566437;0;0
13180;2613;-0.1374069005250931;-1.02992856502533;0.01426767557859421;0;0
13186;2614;-0.1367969810962677;-1.032371401786804;0.01414475869387388;0;0
13188;2615;-0.1358214318752289;-1.030051469802856;0.01194781716912985;0;0
13193;2616;-0.1410695016384125;-1.032492756843567;0.01463331375271082;0;0
13198;2617;-0.144609197974205;-1.028830051422119;0.01255773287266493;0;0
13205;2618;-0.1441206336021423;-1.029441595077515;0.01292492728680372;0;0
13209;2619;-0.145586296916008;-1.029685854911804;0.01048370730131865;0;0
13214;2620;-0.1468061357736588;-1.03127133846283;0.009262319654226303;0;0
13218;2621;-0.1429008096456528;-1.032492756843567;0.01292492728680372;0;0
13223;2622;-0.1453420221805573;-1.032492756843567;0.01170353963971138;0;0
13230;2623;-0.1448534727096558;-1.03261411190033;0.008652403950691223;0;0
13236;2624;-0.1454633921384811;-1.03688657283783;0.009995152242481709;0;0
13240;2625;-0.1461962163448334;-1.032492756843567;0.008773764595389366;0;0
13243;2626;-0.1469290554523468;-1.032127022743225;0.01316920481622219;0;0
13251;2627;-0.146561861038208;-1.032127022743225;0.01121498458087444;0;0
13255;2628;-0.1454633921384811;-1.030417084693909;0.007798210252076387;0;0
13260;2629;-0.1461962163448334;-1.028830051422119;0.008285209536552429;0;0
13263;2630;-0.1448534727096558;-1.027731657028198;0.01036079041659832;0;0
13268;2631;-0.1450977474451065;-1.02858579158783;0.009018042124807835;0;0
13277;2632;-0.1443649083375931;-1.026877403259277;0.007186738774180412;0;0
13281;2633;-0.1444878280162811;-1.030295729637146;0.009018042124807835;0;0
13284;2634;-0.1463191360235214;-1.029807209968567;0.009995152242481709;0;0
13289;2635;-0.142656534910202;-1.030417084693909;0.01255773287266493;0;0
13294;2636;-0.1449763923883438;-1.029685854911804;0.01060506794601679;0;0
13301;2637;-0.144609197974205;-1.030661344528198;0.01097070705145598;0;0
13306;2638;-0.1447321027517319;-1.031638503074646;0.01011651288717985;0;0
13310;2639;-0.1439992785453796;-1.02992856502533;0.01426767557859421;0;0
13314;2640;-0.1459519416093826;-1.02992856502533;0.01365620363503695;0;0
13324;2641;-0.1424122452735901;-1.028830051422119;0.01329056546092033;0;0
13325;2642;-0.143510714173317;-1.030295729637146;0.01304628793150187;0;0
13329;2643;-0.1430221647024155;-1.030051469802856;0.0152432294562459;0;0
13334;2644;-0.142656534910202;-1.030661344528198;0.01719745062291622;0;0
13339;2645;-0.1447321027517319;-1.033225536346436;0.01304628793150187;0;0
13347;2646;-0.1421679705381393;-1.030784368515015;0.01695317216217518;0;0
13351;2647;-0.1432664394378662;-1.03127133846283;0.0178073663264513;0;0
13356;2648;-0.1407038569450378;-1.02992856502533;0.0180516429245472;0;0
13360;2649;-0.1443649083375931;-1.029562950134277;0.01792872697114945;0;0
13365;2650;-0.1471733301877976;-1.029807209968567;0.01744017191231251;0;0
13372;2651;-0.1471733301877976;-1.02992856502533;0.01915011368691921;0;0
13377;2652;-0.1470504105091095;-1.028464436531067;0.01829592138528824;0;0
13380;2653;-0.1471733301877976;-1.031028628349304;0.01853864267468453;0;0
13384;2654;-0.1453420221805573;-1.028830051422119;0.01561042387038469;0;0
13389;2655;-0.1472946852445602;-1.030417084693909;0.01756308786571026;0;0
13397;2656;-0.1485160738229752;-1.031882762908936;0.01548750698566437;0;0
13401;2657;-0.1490030735731125;-1.032737016677856;0.01536614634096623;0;0
13405;2658;-0.1481488794088364;-1.030539989471436;0.01902719773352146;0;0
13410;2659;-0.1470504105091095;-1.027854561805725;0.01561042387038469;0;0
13417;2660;-0.1469290554523468;-1.030417084693909;0.01646461710333824;0;0
13420;2661;-0.1457076668739319;-1.030661344528198;0.01402339804917574;0;0
13426;2662;-0.1457076668739319;-1.030051469802856;0.01341192610561848;0;0
13430;2663;-0.1452191025018692;-1.029807209968567;0.01463331375271082;0;0
13437;2664;-0.1491259932518005;-1.030172824859619;0.01316920481622219;0;0
13441;2665;-0.1472946852445602;-1.030905723571777;0.01402339804917574;0;0
13446;2666;-0.1471733301877976;-1.031515598297119;0.01121498458087444;0;0
13450;2667;-0.1460748612880707;-1.028220176696777;0.01499895192682743;0;0
13457;2668;-0.1470504105091095;-1.028343081474304;0.01426767557859421;0;0
13462;2669;-0.1450977474451065;-1.029197335243225;0.01219209469854832;0;0
13465;2670;-0.1466847807168961;-1.030661344528198;0.01548750698566437;0;0
13470;2671;-0.1457076668739319;-1.029685854911804;0.01463331375271082;0;0
13475;2672;-0.1474176049232483;-1.030051469802856;0.01390048116445541;0;0
13483;2673;-0.1453420221805573;-1.030905723571777;0.009995152242481709;0;0
13488;2674;-0.1480275243520737;-1.031515598297119;0.01121498458087444;0;0
13492;2675;-0.145586296916008;-1.033835411071777;0.01121498458087444;0;0
13495;2676;-0.1460748612880707;-1.030539989471436;0.007919571362435818;0;0
13501;2677;-0.1477832496166229;-1.029807209968567;0.008773764595389366;0;0
13506;2678;-0.1458305865526199;-1.031759858131409;0.009995152242481709;0;0
13510;2679;-0.1439992785453796;-1.031882762908936;0.00975087471306324;0;0
13515;2680;-0.1464404910802841;-1.031149983406067;0.008773764595389366;0;0
13521;2681;-0.1472946852445602;-1.032737016677856;0.01023942977190018;0;0
13530;2682;-0.1450977474451065;-1.02992856502533;0.009627957828342915;0;0
13534;2683;-0.1447321027517319;-1.030661344528198;0.009995152242481709;0;0
13536;2684;-0.1463191360235214;-1.027975916862488;0.01060506794601679;0;0
13541;2685;-0.1447321027517319;-1.029197335243225;0.01329056546092033;0;0
13547;2686;-0.1460748612880707;-1.030539989471436;0.01475467439740896;0;0
13553;2687;-0.143633633852005;-1.027854561805725;0.01206917781382799;0;0
13558;2688;-0.1447321027517319;-1.026511788368225;0.01402339804917574;0;0
13561;2689;-0.1463191360235214;-1.030295729637146;0.01609742268919945;0;0
13566;2690;-0.1459519416093826;-1.030905723571777;0.01036079041659832;0;0
13574;2691;-0.1459519416093826;-1.026388883590698;0.01292492728680372;0;0
13578;2692;-0.146561861038208;-1.028098821640015;0.01573178544640541;0;0
13582;2693;-0.1458305865526199;-1.029197335243225;0.01377912051975727;0;0
13586;2694;-0.1430221647024155;-1.02992856502533;0.01597606204450131;0;0
13591;2695;-0.145586296916008;-1.029197335243225;0.01731881126761437;0;0
13598;2696;-0.1457076668739319;-1.027366042137146;0.01316920481622219;0;0
13601;2697;-0.143633633852005;-1.027975916862488;0.01646461710333824;0;0
13606;2698;-0.1424122452735901;-1.029562950134277;0.01206917781382799;0;0
13611;2699;-0.1430221647024155;-1.027975916862488;0.01365620363503695;0;0
13619;2700;-0.1461962163448334;-1.027121663093567;0.01377912051975727;0;0
13622;2701;-0.1441206336021423;-1.029807209968567;0.01097070705145598;0;0
13626;2702;-0.1433893591165543;-1.029318690299988;0.01414475869387388;0;0
13635;2703;-0.1471733301877976;-1.027487397193909;0.0135348429903388;0;0
13639;2704;-0.1490030735731125;-1.027854561805725;0.01573178544640541;0;0
13644;2705;-0.1464404910802841;-1.028464436531067;0.01084934547543526;0;0
13648;2706;-0.1469290554523468;-1.030172824859619;0.01084934547543526;0;0
13652;2707;-0.1491259932518005;-1.029685854911804;0.01329056546092033;0;0
13659;2708;-0.1466847807168961;-1.03127133846283;0.0135348429903388;0;0
13664;2709;-0.1454633921384811;-1.028952956199646;0.009627957828342915;0;0
13667;2710;-0.145586296916008;-1.031394243240356;0.01084934547543526;0;0
13674;2711;-0.144609197974205;-1.031882762908936;0.01231345534324646;0;0
13680;2712;-0.1470504105091095;-1.032858371734619;0.01182645559310913;0;0
13684;2713;-0.1499801874160767;-1.031028628349304;0.01084934547543526;0;0
13689;2714;-0.1492473483085632;-1.032981276512146;0.009383680298924446;0;0
13693;2715;-0.147538959980011;-1.032981276512146;0.008773764595389366;0;0
13697;2716;-0.1460748612880707;-1.033469796180725;0.006455461960285902;0;0
13705;2717;-0.1442435532808304;-1.033346891403198;0.005599712487310171;0;0
13707;2718;-0.1432664394378662;-1.034079790115356;0.005112713202834129;0;0
13713;2719;-0.143633633852005;-1.033346891403198;0.004989796783775091;0;0
13718;2720;-0.1439992785453796;-1.032004117965698;0.006942461244761944;0;0
13726;2721;-0.1453420221805573;-1.033714056015015;0.005599712487310171;0;0
13730;2722;-0.147538959980011;-1.031394243240356;0.009262319654226303;0;0
13734;2723;-0.1461962163448334;-1.032371401786804;0.006455461960285902;0;0
13738;2724;-0.1477832496166229;-1.032492756843567;0.005356990732252598;0;0
13743;2725;-0.1477832496166229;-1.030172824859619;0.008042488247156143;0;0
13750;2726;-0.150590106844902;-1.028830051422119;0.007309655193239451;0;0
13753;2727;-0.149614542722702;-1.027854561805725;0.00584399001672864;0;0
13757;2728;-0.1461962163448334;-1.026877403259277;0.009506597183644772;0;0
13763;2729;-0.146561861038208;-1.027487397193909;0.01084934547543526;0;0
13771;2730;-0.1454633921384811;-1.032371401786804;0.01316920481622219;0;0
13776;2731;-0.1441206336021423;-1.030417084693909;0.009262319654226303;0;0
13780;2732;-0.139605388045311;-1.032371401786804;0.01316920481622219;0;0
13784;2733;-0.1408252269029617;-1.029318690299988;0.01573178544640541;0;0
13788;2734;-0.1397267580032349;-1.030784368515015;0.01963866874575615;0;0
13795;2735;-0.1447321027517319;-1.029197335243225;0.01829592138528824;0;0
13798;2736;-0.1430221647024155;-1.028708696365356;0.01817300356924534;0;0
13803;2737;-0.1468061357736588;-1.026756048202515;0.02281116507947445;0;0
13808;2738;-0.1499801874160767;-1.027854561805725;0.02073714137077332;0;0
13816;2739;-0.1490030735731125;-1.025779008865356;0.01585470139980316;0;0
13819;2740;-0.1487603485584259;-1.028220176696777;0.0128020104020834;0;0
13824;2741;-0.1494916379451752;-1.029685854911804;0.01438903622329235;0;0
13828;2742;-0.1499801874160767;-1.026023268699646;0.0128020104020834;0;0
13836;2743;-0.1472946852445602;-1.030539989471436;0.0135348429903388;0;0
13841;2744;-0.1439992785453796;-1.031759858131409;0.01536614634096623;0;0
13845;2745;-0.1431450843811035;-1.03127133846283;0.01329056546092033;0;0
13848;2746;-0.139605388045311;-1.029318690299988;0.01158217806369066;0;0
13857;2747;-0.141558051109314;-1.032492756843567;0.008285209536552429;0;0
13859;2748;-0.142533615231514;-1.031515598297119;0.007675293833017349;0;0
13864;2749;-0.142656534910202;-1.02992856502533;0.004624158143997192;0;0
13869;2750;-0.1427778899669647;-1.029318690299988;0.004135603085160255;0;0
13874;2751;-0.1458305865526199;-1.03261411190033;0.0009615510934963822;0;0
13881;2752;-0.1481488794088364;-1.028830051422119;0.003037132322788239;0;0
13887;2753;-0.147661879658699;-1.031638503074646;0.00340277049690485;0;0
13891;2754;-0.1494916379451752;-1.034079790115356;0.005112713202834129;0;0
13895;2755;-0.1490030735731125;-1.030784368515015;0.004501241724938154;0;0
13902;2756;-0.1508343815803528;-1.031759858131409;0.006942461244761944;0;0
13904;2757;-0.153887078166008;-1.035911083221436;0.009018042124807835;0;0
13909;2758;-0.1519328504800797;-1.034445405006409;0.008163848891854286;0;0
13914;2759;-0.1494916379451752;-1.032737016677856;0.0135348429903388;0;0
13919;2760;-0.150590106844902;-1.032858371734619;0.01158217806369066;0;0
13924;2761;-0.149858832359314;-1.03395676612854;0.01377912051975727;0;0
13931;2762;-0.1494916379451752;-1.032492756843567;0.01268064975738525;0;0
13935;2763;-0.1504687368869782;-1.030172824859619;0.01597606204450131;0;0
13939;2764;-0.1491259932518005;-1.029197335243225;0.01426767557859421;0;0
13944;2765;-0.1474176049232483;-1.030905723571777;0.01841728202998638;0;0
13949;2766;-0.146561861038208;-1.029562950134277;0.0176844485104084;0;0
13956;2767;-0.1458305865526199;-1.029685854911804;0.01536614634096623;0;0
13964;2768;-0.1442435532808304;-1.029562950134277;0.02049286291003227;0;0
13965;2769;-0.1460748612880707;-1.029807209968567;0.01963866874575615;0;0
13973;2770;-0.1458305865526199;-1.027731657028198;0.01890583708882332;0;0
13977;2771;-0.1480275243520737;-1.025657653808594;0.02012566849589348;0;0
13980;2772;-0.1474176049232483;-1.026877403259277;0.0176844485104084;0;0
13986;2773;-0.1452191025018692;-1.026877403259277;0.01255773287266493;0;0
13990;2774;-0.1452191025018692;-1.030905723571777;0.01451195310801268;0;0
13995;2775;-0.1453420221805573;-1.027975916862488;0.01170353963971138;0;0
14000;2776;-0.1453420221805573;-1.030539989471436;0.01438903622329235;0;0
14005;2777;-0.1449763923883438;-1.030051469802856;0.01219209469854832;0;0
14010;2778;-0.143510714173317;-1.030905723571777;0.01072642952203751;0;0
14018;2779;-0.1458305865526199;-1.032492756843567;0.0135348429903388;0;0
14020;2780;-0.1499801874160767;-1.030172824859619;0.01219209469854832;0;0
14025;2781;-0.149614542722702;-1.029807209968567;0.01622034050524235;0;0
14030;2782;-0.1502244621515274;-1.031882762908936;0.01707453280687332;0;0
14039;2783;-0.1510786563158035;-1.031515598297119;0.01597606204450131;0;0
14040;2784;-0.1514458507299423;-1.02992856502533;0.01756308786571026;0;0
14045;2785;-0.1536427885293961;-1.032858371734619;0.01499895192682743;0;0
14050;2786;-0.1553511768579483;-1.02992856502533;0.01390048116445541;0;0
14055;2787;-0.1569382101297379;-1.029685854911804;0.01695317216217518;0;0
14060;2788;-0.1544969826936722;-1.030417084693909;0.0180516429245472;0;0
14069;2789;-0.1521771252155304;-1.030539989471436;0.0176844485104084;0;0
14071;2790;-0.1526656895875931;-1.027487397193909;0.01695317216217518;0;0
14076;2791;-0.1542527079582214;-1.028343081474304;0.01707453280687332;0;0
14084;2792;-0.1521771252155304;-1.029074430465698;0.0176844485104084;0;0
14088;2793;-0.1507130265235901;-1.032248377799988;0.0178073663264513;0;0
14092;2794;-0.1502244621515274;-1.030295729637146;0.01585470139980316;0;0
14096;2795;-0.1503458321094513;-1.028952956199646;0.01243637222796679;0;0
14103;2796;-0.1474176049232483;-1.030051469802856;0.01512186881154776;0;0
14106;2797;-0.1466847807168961;-1.02858579158783;0.01402339804917574;0;0
14111;2798;-0.1452191025018692;-1.027487397193909;0.01304628793150187;0;0
14116;2799;-0.1454633921384811;-1.029685854911804;0.01585470139980316;0;0
14124;2800;-0.1441206336021423;-1.031028628349304;0.01548750698566437;0;0
14128;2801;-0.1481488794088364;-1.030172824859619;0.01402339804917574;0;0
14132;2802;-0.1472946852445602;-1.030661344528198;0.01561042387038469;0;0
14136;2803;-0.146561861038208;-1.02992856502533;0.01719745062291622;0;0
14141;2804;-0.146561861038208;-1.02858579158783;0.01976003125309944;0;0
14146;2805;-0.1438763588666916;-1.030295729637146;0.01536614634096623;0;0
14151;2806;-0.1447321027517319;-1.030295729637146;0.01756308786571026;0;0
14156;2807;-0.1419236958026886;-1.028464436531067;0.01792872697114945;0;0
14165;2808;-0.1457076668739319;-1.03261411190033;0.01695317216217518;0;0
14170;2809;-0.146561861038208;-1.033469796180725;0.01585470139980316;0;0
14171;2810;-0.1422908902168274;-1.031149983406067;0.01695317216217518;0;0
14176;2811;-0.1439992785453796;-1.029318690299988;0.01585470139980316;0;0
14185;2812;-0.1481488794088364;-1.028952956199646;0.01597606204450131;0;0
14189;2813;-0.1468061357736588;-1.031149983406067;0.01292492728680372;0;0
14194;2814;-0.1471733301877976;-1.034568309783936;0.01341192610561848;0;0
14197;2815;-0.147538959980011;-1.029807209968567;0.01194781716912985;0;0
14201;2816;-0.1458305865526199;-1.031394243240356;0.01194781716912985;0;0
14211;2817;-0.1482717990875244;-1.030417084693909;0.01158217806369066;0;0
14214;2818;-0.1486374437808991;-1.030661344528198;0.01219209469854832;0;0
14217;2819;-0.1468061357736588;-1.030295729637146;0.01487759128212929;0;0
14221;2820;-0.144609197974205;-1.030539989471436;0.01072642952203751;0;0
14229;2821;-0.1460748612880707;-1.031149983406067;0.01243637222796679;0;0
14232;2822;-0.1449763923883438;-1.030051469802856;0.01329056546092033;0;0
14237;2823;-0.1437550038099289;-1.030172824859619;0.01438903622329235;0;0
14241;2824;-0.1477832496166229;-1.030051469802856;0.01792872697114945;0;0
14249;2825;-0.1474176049232483;-1.029562950134277;0.01963866874575615;0;0
14255;2826;-0.1479046046733856;-1.029807209968567;0.0195157527923584;0;0
14257;2827;-0.1452191025018692;-1.030295729637146;0.01744017191231251;0;0
14264;2828;-0.1469290554523468;-1.02992856502533;0.01536614634096623;0;0
14270;2829;-0.1469290554523468;-1.031759858131409;0.01683025620877743;0;0
14274;2830;-0.1454633921384811;-1.033225536346436;0.01731881126761437;0;0
14279;2831;-0.1459519416093826;-1.030172824859619;0.01817300356924534;0;0
14283;2832;-0.1447321027517319;-1.030905723571777;0.01536614634096623;0;0
14287;2833;-0.1418023407459259;-1.033102631568909;0.01451195310801268;0;0
14295;2834;-0.1443649083375931;-1.032127022743225;0.01548750698566437;0;0
14298;2835;-0.1442435532808304;-1.030905723571777;0.01573178544640541;0;0
14303;2836;-0.1419236958026886;-1.029807209968567;0.01817300356924534;0;0
14308;2837;-0.142533615231514;-1.029562950134277;0.01475467439740896;0;0
14315;2838;-0.1441206336021423;-1.028830051422119;0.01402339804917574;0;0
14319;2839;-0.1427778899669647;-1.02858579158783;0.01866155862808228;0;0
14324;2840;-0.142656534910202;-1.028098821640015;0.01927147619426251;0;0
14328;2841;-0.1454633921384811;-1.026756048202515;0.01841728202998638;0;0
14333;2842;-0.143510714173317;-1.027854561805725;0.01438903622329235;0;0
14340;2843;-0.1437550038099289;-1.029074430465698;0.0152432294562459;0;0
14342;2844;-0.1450977474451065;-1.033102631568909;0.01744017191231251;0;0
14348;2845;-0.1450977474451065;-1.032371401786804;0.01341192610561848;0;0
14352;2846;-0.1458305865526199;-1.030905723571777;0.01475467439740896;0;0
14360;2847;-0.1477832496166229;-1.032127022743225;0.01646461710333824;0;0
14365;2848;-0.1466847807168961;-1.033835411071777;0.01585470139980316;0;0
14369;2849;-0.1452191025018692;-1.032492756843567;0.01670889556407929;0;0
14373;2850;-0.1453420221805573;-1.032858371734619;0.01414475869387388;0;0
14381;2851;-0.1479046046733856;-1.029807209968567;0.01451195310801268;0;0
14383;2852;-0.1480275243520737;-1.02992856502533;0.01451195310801268;0;0
14388;2853;-0.1474176049232483;-1.028708696365356;0.01744017191231251;0;0
14393;2854;-0.1499801874160767;-1.027854561805725;0.01548750698566437;0;0
14402;2855;-0.1485160738229752;-1.031028628349304;0.01561042387038469;0;0
14407;2856;-0.1524213999509811;-1.031638503074646;0.01243637222796679;0;0
14411;2857;-0.1510786563158035;-1.029807209968567;0.01756308786571026;0;0
14415;2858;-0.15376415848732;-1.029318690299988;0.01646461710333824;0;0
14418;2859;-0.1532755941152573;-1.031149983406067;0.01512186881154776;0;0
14426;2860;-0.1529099643230438;-1.029197335243225;0.01414475869387388;0;0
14431;2861;-0.1525443196296692;-1.029074430465698;0.0128020104020834;0;0
14433;2862;-0.1513229310512543;-1.026633143424988;0.01292492728680372;0;0
14439;2863;-0.1490030735731125;-1.029074430465698;0.0135348429903388;0;0
14447;2864;-0.1503458321094513;-1.030661344528198;0.01329056546092033;0;0
14452;2865;-0.150590106844902;-1.031149983406067;0.01829592138528824;0;0
14454;2866;-0.147538959980011;-1.03529953956604;0.01792872697114945;0;0
14459;2867;-0.1459519416093826;-1.033835411071777;0.01829592138528824;0;0
14464;2868;-0.1494916379451752;-1.032248377799988;0.01646461710333824;0;0
14471;2869;-0.149858832359314;-1.033102631568909;0.0178073663264513;0;0
14476;2870;-0.1487603485584259;-1.029197335243225;0.0213470570743084;0;0
14480;2871;-0.151567205786705;-1.028220176696777;0.02195697277784348;0;0
14484;2872;-0.1516885757446289;-1.025779008865356;0.02036994695663452;0;0
14493;2873;-0.1519328504800797;-1.025901913642883;0.02195697277784348;0;0
14498;2874;-0.1512015759944916;-1.026756048202515;0.02171269431710243;0;0
14499;2875;-0.1503458321094513;-1.026511788368225;0.0195157527923584;0;0
14504;2876;-0.1509573012590408;-1.028220176696777;0.0212241392582655;0;0
14509;2877;-0.1466847807168961;-1.027731657028198;0.0195157527923584;0;0
14517;2878;-0.1439992785453796;-1.03127133846283;0.02146841771900654;0;0
14522;2879;-0.1450977474451065;-1.03127133846283;0.02024858631193638;0;0
14526;2880;-0.1432664394378662;-1.031394243240356;0.01976003125309944;0;0
14529;2881;-0.1402153074741364;-1.031515598297119;0.01841728202998638;0;0
14534;2882;-0.1409481465816498;-1.031882762908936;0.01915011368691921;0;0
14541;2883;-0.1375298053026199;-1.030295729637146;0.01683025620877743;0;0
14544;2884;-0.1393611133098602;-1.029685854911804;0.01048370730131865;0;0
14551;2885;-0.1397267580032349;-1.029562950134277;0.01145926211029291;0;0
14557;2886;-0.1403366625308991;-1.034079790115356;0.008529487065970898;0;0
14562;2887;-0.140580952167511;-1.032371401786804;0.01145926211029291;0;0
14566;2888;-0.1432664394378662;-1.03127133846283;0.00975087471306324;0;0
14570;2889;-0.1419236958026886;-1.03395676612854;0.00914095900952816;0;0
14577;2890;-0.1458305865526199;-1.034201145172119;0.01170353963971138;0;0
14580;2891;-0.1474176049232483;-1.032248377799988;0.01060506794601679;0;0
14585;2892;-0.1452191025018692;-1.031882762908936;0.01206917781382799;0;0
14590;2893;-0.1460748612880707;-1.030784368515015;0.01219209469854832;0;0
14598;2894;-0.149858832359314;-1.035056829452515;0.01573178544640541;0;0
14603;2895;-0.1491259932518005;-1.032492756843567;0.01219209469854832;0;0
14607;2896;-0.1491259932518005;-1.02992856502533;0.01487759128212929;0;0
14610;2897;-0.1491259932518005;-1.030172824859619;0.01573178544640541;0;0
14615;2898;-0.1501031070947647;-1.027610301971436;0.01646461710333824;0;0
14622;2899;-0.1507130265235901;-1.030051469802856;0.01585470139980316;0;0
14627;2900;-0.1483931541442871;-1.033102631568909;0.01548750698566437;0;0
14630;2901;-0.1494916379451752;-1.032371401786804;0.01609742268919945;0;0
14635;2902;-0.1486374437808991;-1.029074430465698;0.01658597774803639;0;0
14643;2903;-0.1470504105091095;-1.029807209968567;0.01573178544640541;0;0
14648;2904;-0.1493702679872513;-1.028464436531067;0.01499895192682743;0;0
14650;2905;-0.1458305865526199;-1.029562950134277;0.01438903622329235;0;0
14655;2906;-0.1454633921384811;-1.030051469802856;0.01377912051975727;0;0
14663;2907;-0.1433893591165543;-1.030051469802856;0.01707453280687332;0;0
14667;2908;-0.1419236958026886;-1.031028628349304;0.01866155862808228;0;0
14672;2909;-0.1432664394378662;-1.031515598297119;0.01268064975738525;0;0
14676;2910;-0.1398481130599976;-1.032127022743225;0.01609742268919945;0;0
14681;2911;-0.1407038569450378;-1.031394243240356;0.01255773287266493;0;0
14688;2912;-0.1418023407459259;-1.029197335243225;0.01426767557859421;0;0
14693;2913;-0.1420466154813767;-1.02992856502533;0.01634170114994049;0;0
14696;2914;-0.1418023407459259;-1.029318690299988;0.01719745062291622;0;0
14702;2915;-0.1432664394378662;-1.02992856502533;0.01841728202998638;0;0
14708;2916;-0.142656534910202;-1.027854561805725;0.01829592138528824;0;0
14713;2917;-0.1439992785453796;-1.030172824859619;0.01841728202998638;0;0
14717;2918;-0.1431450843811035;-1.031028628349304;0.02244552783668041;0;0
14721;2919;-0.1449763923883438;-1.030417084693909;0.01927147619426251;0;0
14726;2920;-0.1449763923883438;-1.030172824859619;0.02098141796886921;0;0
14733;2921;-0.1453420221805573;-1.030417084693909;0.01829592138528824;0;0
14737;2922;-0.1472946852445602;-1.029562950134277;0.01988139189779759;0;0
14742;2923;-0.1443649083375931;-1.030905723571777;0.01817300356924534;0;0
14746;2924;-0.1452191025018692;-1.03127133846283;0.01829592138528824;0;0
14754;2925;-0.1469290554523468;-1.028830051422119;0.0195157527923584;0;0
14758;2926;-0.1463191360235214;-1.03127133846283;0.01963866874575615;0;0
14763;2927;-0.1474176049232483;-1.030051469802856;0.01316920481622219;0;0
14767;2928;-0.1447321027517319;-1.028708696365356;0.01426767557859421;0;0
14771;2929;-0.1480275243520737;-1.030539989471436;0.01670889556407929;0;0
14778;2930;-0.1461962163448334;-1.033225536346436;0.01329056546092033;0;0
14781;2931;-0.1470504105091095;-1.031515598297119;0.01182645559310913;0;0
14787;2932;-0.1472946852445602;-1.027854561805725;0.01219209469854832;0;0
14791;2933;-0.1464404910802841;-1.033346891403198;0.009383680298924446;0;0
14799;2934;-0.1466847807168961;-1.02992856502533;0.008896681480109692;0;0
14804;2935;-0.1493702679872513;-1.029441595077515;0.00914095900952816;0;0
14808;2936;-0.146561861038208;-1.030172824859619;0.009872235357761383;0;0
14815;2937;-0.1458305865526199;-1.028952956199646;0.009627957828342915;0;0
14820;2938;-0.145586296916008;-1.032248377799988;0.008652403950691223;0;0
14822;2939;-0.1447321027517319;-1.029318690299988;0.01243637222796679;0;0
14827;2940;-0.1449763923883438;-1.027854561805725;0.0135348429903388;0;0
14834;2941;-0.1469290554523468;-1.030661344528198;0.01487759128212929;0;0
14837;2942;-0.1459519416093826;-1.029562950134277;0.01145926211029291;0;0
14845;2943;-0.1457076668739319;-1.029441595077515;0.0152432294562459;0;0
14850;2944;-0.1464404910802841;-1.03261411190033;0.01573178544640541;0;0
14852;2945;-0.1439992785453796;-1.030905723571777;0.01609742268919945;0;0
14860;2946;-0.1449763923883438;-1.030417084693909;0.01536614634096623;0;0
14865;2947;-0.1480275243520737;-1.032371401786804;0.01939439214766026;0;0
14869;2948;-0.1471733301877976;-1.030172824859619;0.01487759128212929;0;0
14872;2949;-0.1438763588666916;-1.030539989471436;0.01853864267468453;0;0
14877;2950;-0.143633633852005;-1.03127133846283;0.01634170114994049;0;0
14885;2951;-0.1449763923883438;-1.032004117965698;0.01561042387038469;0;0
14890;2952;-0.145586296916008;-1.034445405006409;0.01536614634096623;0;0
14893;2953;-0.1461962163448334;-1.029562950134277;0.01561042387038469;0;0
14898;2954;-0.142533615231514;-1.028830051422119;0.01426767557859421;0;0
14902;2955;-0.1457076668739319;-1.030051469802856;0.01377912051975727;0;0
14909;2956;-0.1433893591165543;-1.030295729637146;0.01231345534324646;0;0
14914;2957;-0.1422908902168274;-1.030172824859619;0.0128020104020834;0;0
14918;2958;-0.1420466154813767;-1.03127133846283;0.009506597183644772;0;0
14923;2959;-0.1427778899669647;-1.030539989471436;0.01170353963971138;0;0
14930;2960;-0.1442435532808304;-1.03261411190033;0.01255773287266493;0;0
14936;2961;-0.1453420221805573;-1.031028628349304;0.01561042387038469;0;0
14938;2962;-0.1441206336021423;-1.029197335243225;0.01487759128212929;0;0
14943;2963;-0.1427778899669647;-1.029074430465698;0.01304628793150187;0;0
14948;2964;-0.1441206336021423;-1.031515598297119;0.01426767557859421;0;0
14955;2965;-0.1437550038099289;-1.02992856502533;0.01512186881154776;0;0
14960;2966;-0.1452191025018692;-1.030172824859619;0.01487759128212929;0;0
14964;2967;-0.1437550038099289;-1.030051469802856;0.01475467439740896;0;0
14968;2968;-0.1480275243520737;-1.030172824859619;0.01634170114994049;0;0
14975;2969;-0.1460748612880707;-1.030784368515015;0.01707453280687332;0;0
14980;2970;-0.1464404910802841;-1.031149983406067;0.01829592138528824;0;0
14985;2971;-0.145586296916008;-1.028952956199646;0.01817300356924534;0;0
14990;2972;-0.1450977474451065;-1.030905723571777;0.01365620363503695;0;0
14996;2973;-0.144609197974205;-1.033591151237488;0.01597606204450131;0;0
15001;2974;-0.1441206336021423;-1.03127133846283;0.01548750698566437;0;0
15005;2975;-0.1452191025018692;-1.031149983406067;0.01634170114994049;0;0
148;0;1.023193359375;-0.083251953125;0.32421875;0;1
170;1;1.023193359375;-0.083251953125;0.32421875;0;1
180;2;1.0263671875;-0.084716796875;0.2431640625;0;1
194;3;1.0263671875;-0.084716796875;0.2431640625;0;1
224;4;1.02001953125;-0.083984375;0.331298828125;0;1
325;5;1.022705078125;-0.08740234375;0.33203125;0;1
331;6;1.022705078125;-0.08740234375;0.33203125;0;1
428;7;1.021728515625;-0.0869140625;0.3271484375;0;1
433;8;1.021728515625;-0.0869140625;0.3271484375;0;1
528;9;1.02197265625;-0.0869140625;0.3271484375;0;1
569;10;1.01904296875;-0.08740234375;0.328857421875;0;1
623;11;1.017578125;-0.0849609375;0.3310546875;0;1
684;12;1.021240234375;-0.087646484375;0.326416015625;0;1
712;13;1.02294921875;-0.08203125;0.318603515625;0;1
760;14;1.01708984375;-0.083740234375;0.32861328125;0;1
810;15;1.021240234375;-0.088134765625;0.313232421875;0;1
859;16;1.0087890625;-0.084716796875;0.3330078125;0;1
908;17;1.0302734375;-0.092041015625;0.30029296875;0;1
955;18;1.01708984375;-0.085205078125;0.320556640625;0;1
1005;19;1.029296875;-0.088134765625;0.336181640625;0;1
1053;20;1.026123046875;-0.08349609375;0.335205078125;0;1
1115;21;1.023681640625;-0.08154296875;0.24365234375;0;1
1152;22;1.0263671875;-0.08056640625;0.33447265625;0;1
1202;23;1.025390625;-0.08251953125;0.333740234375;0;1
1251;24;1.018798828125;-0.083984375;0.3330078125;0;1
1300;25;1.017822265625;-0.083251953125;0.335205078125;0;1
1346;26;1.021240234375;-0.080810546875;0.331298828125;0;1
1395;27;1.023193359375;-0.08251953125;0.334228515625;0;1
1444;28;1.014404296875;-0.084228515625;0.32763671875;0;1
1492;29;1.025390625;-0.082275390625;0.337158203125;0;1
1542;30;1.016845703125;-0.084716796875;0.325927734375;0;1
1590;31;1.01806640625;-0.085205078125;0.328369140625;0;1
1639;32;1.017333984375;-0.08447265625;0.3271484375;0;1
1688;33;1.027587890625;-0.078369140625;0.31689453125;0;1
1747;34;1.0263671875;-0.086181640625;0.283203125;0;1
1786;35;1.01708984375;-0.07958984375;0.32373046875;0;1
1847;36;1.028076171875;-0.086181640625;0.33251953125;0;1
1884;37;0.96923828125;-0.092041015625;0.313720703125;0;1
1931;38;1.018310546875;-0.086669921875;0.325439453125;0;1
1980;39;1.023193359375;-0.08837890625;0.333251953125;0;1
2029;40;1.0205078125;-0.08349609375;0.330322265625;0;1
2078;41;1.023681640625;-0.080078125;0.331787109375;0;1
2137;42;1.026611328125;-0.083251953125;0.328857421875;0;1
2174;43;1.02392578125;-0.0869140625;0.3310546875;0;1
2224;44;1.0224609375;-0.088134765625;0.329833984375;0;1
2324;45;1.02294921875;-0.08447265625;0.32421875;0;1
2328;46;1.02294921875;-0.08447265625;0.32421875;0;1
2418;47;1.02490234375;-0.085693359375;0.329833984375;0;1
2422;48;1.023193359375;-0.076171875;0.33447265625;0;1
2519;49;0.97265625;-0.09326171875;0.292236328125;0;1
2565;50;1.01953125;-0.08056640625;0.32763671875;0;1
2614;51;1.02490234375;-0.078125;0.316162109375;0;1
2662;52;1.01953125;-0.080810546875;0.25;0;1
2711;53;1.021240234375;-0.076416015625;0.32275390625;0;1
2767;54;1.015380859375;-0.07666015625;0.297607421875;0;1
2810;55;1.019775390625;-0.074951171875;0.335205078125;0;1
2859;56;1.026123046875;-0.078369140625;0.32958984375;0;1
2907;57;1.02392578125;-0.08154296875;0.3212890625;0;1
2954;58;1.0263671875;-0.06982421875;0.320068359375;0;1
3012;59;1.026611328125;-0.070556640625;0.316650390625;0;1
3058;60;1.027587890625;-0.07421875;0.313232421875;0;1
3104;61;1.025390625;-0.068115234375;0.2490234375;0;1
3151;62;1.0224609375;-0.071044921875;0.31494140625;0;1
3200;63;1.02783203125;-0.0712890625;0.249267578125;0;1
3248;64;1.022216796875;-0.0693359375;0.24951171875;0;1
3296;65;1.019287109375;-0.073974609375;0.31640625;0;1
3345;66;1.016357421875;-0.07080078125;0.240478515625;0;1
3394;67;1.02880859375;0.008056640625;0.224609375;0;1
3443;68;1.030029296875;0.002197265625;0.249267578125;0;1
3492;69;1.017578125;0.001220703125;0.23828125;0;1
3539;70;1.0185546875;0.000244140625;0.31591796875;0;1
3589;71;1.018798828125;-0.0634765625;0.242919921875;0;1
3638;72;0.93359375;0.0048828125;0.2451171875;0;1
3690;73;1.010986328125;0.001953125;0.22802734375;0;1
3735;74;1.0009765625;-0.080078125;0.2607421875;0;1
3795;75;0.91943359375;-0.050048828125;0.204345703125;0;1
3832;76;0.860595703125;-0.1005859375;0.12890625;0;1
3883;77;0.803466796875;-0.213134765625;0.07568359375;0;1
3931;78;0.94091796875;-0.13623046875;-0.072509765625;0;1
3978;79;0.881103515625;-0.205322265625;-0.064697265625;0;1
4027;80;0.93994140625;-0.190673828125;-0.093505859375;0;1
4076;81;0.607177734375;-0.19970703125;-0.21923828125;0;1
4125;82;0.615478515625;-0.12158203125;-0.22265625;0;1
4175;83;0.5556640625;-0.060791015625;-0.368896484375;0;1
4274;84;0.536865234375;0.084716796875;-0.5849609375;0;1
4279;85;0.536865234375;0.084716796875;-0.5849609375;0;1
4371;86;0.65234375;0.0908203125;-0.68115234375;0;1
4375;87;0.65234375;0.0908203125;-0.68115234375;0;1
4470;88;0.587158203125;0.031005859375;-0.677001953125;0;1
4516;89;0.546630859375;-0.015869140625;-0.89013671875;0;1
4565;90;0.489013671875;-0.14208984375;-0.933349609375;0;1
4614;91;0.58740234375;-0.037841796875;-0.87744140625;0;1
4663;92;0.413330078125;-0.089111328125;-1.079833984375;0;1
4709;93;0.495361328125;0.061279296875;-0.953369140625;0;1
4758;94;0.470703125;-0.08935546875;-1.154296875;0;1
4807;95;0.487060546875;0.06005859375;-1.164794921875;0;1
4856;96;0.63623046875;0;-1.171142578125;0;1
4905;97;0.571533203125;0.07958984375;-1.3193359375;0;1
4954;98;0.64892578125;-0.02197265625;-1.08056640625;0;1
5004;99;0.576416015625;-0.00048828125;-0.9521484375;0;1
5051;100;0.474365234375;0.009521484375;-0.842041015625;0;1
5102;101;0.410400390625;-0.02734375;-0.7666015625;0;1
5149;102;0.424072265625;0.01611328125;-0.60986328125;0;1
5197;103;0.42236328125;0.01611328125;-0.68212890625;0;1
5246;104;0.529296875;0.01318359375;-0.736083984375;0;1
5296;105;0.574462890625;0.00537109375;-0.887451171875;0;1
5345;106;0.585693359375;0;-0.892822265625;0;1
5398;107;0.545166015625;0.0185546875;-0.876953125;0;1
5442;108;0.5849609375;0.009765625;-0.78271484375;0;1
5490;109;0.57421875;-0.072509765625;-0.748779296875;0;1
5540;110;0.567626953125;0.002197265625;-0.7236328125;0;1
5588;111;0.567626953125;0.007568359375;-0.728515625;0;1
5642;112;0.56787109375;0.010009765625;-0.818603515625;0;1
5685;113;0.583740234375;0.012939453125;-0.833984375;0;1
5736;114;0.494384765625;-0.081298828125;-0.728515625;0;1
5782;115;0.569580078125;0.001953125;-0.74365234375;0;1
5831;116;0.57080078125;-0.07177734375;-0.7392578125;0;1
5889;117;0.56591796875;-0.06494140625;-0.814208984375;0;1
5932;118;0.57177734375;-0.066162109375;-0.744140625;0;1
5979;119;0.574462890625;-0.06787109375;-0.81591796875;0;1
6030;120;0.572998046875;0.00341796875;-0.81884765625;0;1
6077;121;0.572021484375;-0.067626953125;-0.822021484375;0;1
6126;122;0.570068359375;-0.0791015625;-0.820068359375;0;1
6229;123;0.580322265625;-0.068603515625;-0.818603515625;0;1
6234;124;0.580322265625;-0.068603515625;-0.818603515625;0;1
6333;125;0.572509765625;-0.0634765625;-0.835693359375;0;1
6338;126;0.572509765625;-0.0634765625;-0.835693359375;0;1
6426;127;0.572021484375;-0.073974609375;-0.788330078125;0;1
6466;128;0.4892578125;0.00048828125;-0.83251953125;0;1
6519;129;0.4775390625;-0.064697265625;-0.892333984375;0;1
6564;130;0.420654296875;0.02685546875;-0.81103515625;0;1
6613;131;0.4296875;0.0009765625;-0.733642578125;0;1
6668;132;0.460693359375;0.0009765625;-0.777587890625;0;1
6709;133;0.4267578125;-0.02490234375;-0.829833984375;0;1
6756;134;0.4326171875;0.02978515625;-0.8095703125;0;1
6825;135;0.524658203125;0.025634765625;-0.80859375;0;1
6856;136;0.52587890625;-0.027099609375;-0.79345703125;0;1
6904;137;0.5302734375;0.027587890625;-0.83984375;0;1
6953;138;0.506103515625;0.00537109375;-0.80908203125;0;1
7013;139;0.4072265625;-0.02978515625;-0.8095703125;0;1
7052;140;0.468994140625;0.005126953125;-0.78271484375;0;1
7099;141;0.456787109375;0.008056640625;-0.893798828125;0;1
7147;142;0.529052734375;0.072509765625;-1.073974609375;0;1
7196;143;0.470458984375;-0.005859375;-1.56884765625;0;1
7246;144;0.345703125;0.20068359375;-1.538818359375;0;1
7294;145;0.76025390625;-0.166259765625;-0.73486328125;0;1
7342;146;0.645751953125;0.015380859375;-0.871826171875;0;1
7391;147;0.32080078125;0.131103515625;-0.92431640625;0;1
7453;148;0.389892578125;0.0107421875;-0.94482421875;0;1
7489;149;0.44873046875;0.06494140625;-0.990966796875;0;1
7539;150;0.453857421875;0.064697265625;-1.02001953125;0;1
7593;151;0.406494140625;-0.03125;-1.073486328125;0;1
7636;152;0.480224609375;-0.02099609375;-0.861328125;0;1
7687;153;0.58935546875;-0.09375;-0.793701171875;0;1
7732;154;0.579345703125;-0.07568359375;-0.588134765625;0;1
7794;155;0.4853515625;-0.057373046875;-0.553466796875;0;1
7831;156;0.587158203125;-0.048583984375;-0.38818359375;0;1
7888;157;0.59375;-0.039306640625;-0.376220703125;0;1
7928;158;0.58154296875;0.005859375;-0.323974609375;0;1
7988;159;0.579833984375;0.068359375;-0.456787109375;0;1
8026;160;0.602294921875;0.019287109375;-0.20751953125;0;1
8082;161;0.6748046875;0.083740234375;-0.2373046875;0;1
8180;162;1.143310546875;0.0810546875;-0.086669921875;0;1
8186;163;1.143310546875;0.0810546875;-0.086669921875;0;1
8269;164;0.909912109375;0.075439453125;0.060791015625;0;1
8273;165;0.909912109375;0.075439453125;0.060791015625;0;1
8368;166;1.032958984375;-0.304443359375;-0.473388671875;0;1
8418;167;1.069580078125;-0.093505859375;0.130615234375;0;1
8466;168;0.982421875;0.01611328125;0.103515625;0;1
8520;169;0.932373046875;0.0068359375;0.1884765625;0;1
8563;170;0.98828125;-0.09130859375;0.255859375;0;1
8610;171;0.927978515625;-0.134765625;0.100830078125;0;1
8670;172;1.065185546875;-0.106201171875;0.213623046875;0;1
8713;173;0.908447265625;-0.252685546875;0.1826171875;0;1
8757;174;0.992919921875;-0.185302734375;0.180908203125;0;1
8820;175;1.091552734375;-0.17529296875;0.18603515625;0;1
8855;176;1.029052734375;-0.175048828125;0.157470703125;0;1
8911;177;1.028076171875;-0.251953125;0.266845703125;0;1
8953;178;0.90673828125;-0.27392578125;0.272705078125;0;1
9001;179;0.913818359375;-0.283203125;0.157958984375;0;1
9049;180;0.9814453125;-0.316650390625;0.17724609375;0;1
9110;181;1.01708984375;-0.27734375;0.2392578125;0;1
9151;182;1.05078125;-0.107666015625;0.161376953125;0;1
9197;183;1.027099609375;-0.081298828125;0.247314453125;0;1
9251;184;0.9609375;-0.091796875;0.27978515625;0;1
9294;185;1.00244140625;-0.037109375;0.2255859375;0;1
9353;186;0.9833984375;-0.082275390625;0.33544921875;0;1
9392;187;0.97509765625;-0.089599609375;0.243896484375;0;1
9445;188;0.970703125;-0.0439453125;0.236083984375;0;1
9490;189;0.937255859375;-0.04931640625;0.22021484375;0;1
9554;190;1.02294921875;-0.0517578125;0.31103515625;0;1
9586;191;1.016845703125;-0.055419921875;0.307861328125;0;1
9647;192;1.009765625;-0.125732421875;0.30126953125;0;1
9684;193;1.017333984375;-0.12548828125;0.28857421875;0;1
9737;194;1.019287109375;-0.125244140625;0.30322265625;0;1
9781;195;1.004150390625;-0.12939453125;0.3076171875;0;1
9842;196;1.0009765625;-0.05615234375;0.30078125;0;1
9878;197;1.02587890625;-0.041748046875;0.28759765625;0;1
9944;198;1.009765625;-0.058837890625;0.2822265625;0;1
9976;199;1.00537109375;-0.056396484375;0.3388671875;0;1
10026;200;1.0048828125;-0.061279296875;0.339599609375;0;1
10128;201;1.027587890625;-0.03173828125;0.325927734375;0;1
10132;202;1.027587890625;-0.03173828125;0.325927734375;0;1
10224;203;1.02099609375;-0.092041015625;0.2412109375;0;1
10229;204;1.02099609375;-0.092041015625;0.2412109375;0;1
10330;205;1.020263671875;-0.032958984375;0.325927734375;0;1
10367;206;1.021484375;-0.047119140625;0.331787109375;0;1
10421;207;1.019287109375;-0.048095703125;0.333251953125;0;1
10464;208;1.025146484375;-0.0478515625;0.33251953125;0;1
10511;209;1.029296875;-0.043212890625;0.341552734375;0;1
10568;210;1.01708984375;-0.049072265625;0.2998046875;0;1
10610;211;1.01708984375;-0.055419921875;0.29345703125;0;1
10658;212;1.014892578125;-0.0625;0.286865234375;0;1
10706;213;1.015380859375;-0.048095703125;0.289306640625;0;1
10755;214;1.009033203125;-0.04931640625;0.343017578125;0;1
10811;215;1.01611328125;-0.041259765625;0.341064453125;0;1
10858;216;1.012939453125;-0.045654296875;0.2998046875;0;1
10903;217;1.017333984375;-0.0458984375;0.282958984375;0;1
10950;218;1.02099609375;-0.039306640625;0.32666015625;0;1
10999;219;1.02099609375;-0.03369140625;0.3779296875;0;1
11050;220;1.02685546875;-0.0361328125;0.29833984375;0;1
11096;221;1.0166015625;-0.03857421875;0.283203125;0;1
11145;222;1.021728515625;-0.035400390625;0.336669921875;0;1
11196;223;1.020751953125;-0.05224609375;0.337158203125;0;1
11242;224;1.022705078125;-0.053955078125;0.2900390625;0;1
11293;225;1.016357421875;-0.054931640625;0.291259765625;0;1
11346;226;1.012451171875;-0.04150390625;0.2861328125;0;1
11389;227;1.014404296875;-0.0498046875;0.298583984375;0;1
11439;228;1.01611328125;-0.042236328125;0.286376953125;0;1
11493;229;1.00927734375;-0.043701171875;0.28173828125;0;1
11535;230;1.01123046875;-0.046142578125;0.297607421875;0;1
11589;231;1.015380859375;-0.04736328125;0.3076171875;0;1
11632;232;1.02001953125;-0.055419921875;0.287109375;0;1
11681;233;1.0048828125;-0.0390625;0.384765625;0;1
11729;234;1.016357421875;-0.041748046875;0.30029296875;0;1
11784;235;1.010498046875;-0.0380859375;0.3388671875;0;1
11828;236;1.01416015625;-0.041015625;0.295166015625;0;1
11881;237;1.022705078125;-0.045166015625;0.28564453125;0;1
11926;238;1.0166015625;-0.05029296875;0.293701171875;0;1
11987;239;1.022216796875;-0.04345703125;0.288818359375;0;1
12025;240;1.01708984375;-0.039306640625;0.34228515625;0;1
12126;241;1.01806640625;-0.040771484375;0.281982421875;0;1
12129;242;1.01806640625;-0.040771484375;0.281982421875;0;1
12225;243;1.014404296875;-0.04443359375;0.339111328125;0;1
12229;244;1.014404296875;-0.04443359375;0.339111328125;0;1
12317;245;1.027099609375;-0.043212890625;0.281982421875;0;1
12367;246;1.02294921875;-0.058349609375;0.2890625;0;1
12412;247;1.013427734375;-0.04638671875;0.303466796875;0;1
12463;248;1.021240234375;-0.04931640625;0.28515625;0;1
12564;249;1.021240234375;-0.04736328125;0.343505859375;0;1
12600;250;1.021240234375;-0.04736328125;0.343505859375;0;1
12633;251;1.024169921875;-0.03857421875;0.306640625;0;1
12672;252;1.013671875;-0.0498046875;0.28564453125;0;1
12717;253;1.02197265625;-0.04248046875;0.3427734375;0;1
12772;254;1.018310546875;-0.051025390625;0.334716796875;0;1
12822;255;1.019287109375;-0.04345703125;0.3359375;0;1
12868;256;1.0185546875;-0.046875;0.337158203125;0;1
12914;257;1.01904296875;-0.043212890625;0.3310546875;0;1
12966;258;1.02294921875;-0.0458984375;0.337646484375;0;1
13016;259;1.029296875;-0.03857421875;0.3232421875;0;1
13062;260;1.0234375;-0.048095703125;0.333740234375;0;1
13110;261;1.017822265625;-0.05029296875;0.375244140625;0;1
13162;262;1.014892578125;-0.05126953125;0.284423828125;0;1
13212;263;1.01904296875;-0.044921875;0.2958984375;0;1
13258;264;1.015869140625;-0.041015625;0.29052734375;0;1
13308;265;1.02392578125;-0.04443359375;0.3271484375;0;1
13358;266;1.018310546875;-0.039794921875;0.29736328125;0;1
13399;267;1.015380859375;-0.040771484375;0.301025390625;0;1
13456;268;1.016845703125;-0.046142578125;0.281982421875;0;1
13494;269;1.01171875;-0.04541015625;0.30126953125;0;1
13556;270;1.016845703125;-0.040771484375;0.292236328125;0;1
13597;271;1.013427734375;-0.043212890625;0.284912109375;0;1
13646;272;1.0087890625;-0.04296875;0.29248046875;0;1
13695;273;1.00244140625;-0.037109375;0.312255859375;0;1
13748;274;1.01171875;-0.03857421875;0.3330078125;0;1
13793;275;1.0224609375;-0.0390625;0.294921875;0;1
13842;276;1.01123046875;-0.04248046875;0.287841796875;0;1
13897;277;1.02001953125;-0.0478515625;0.28955078125;0;1
13933;278;1.0205078125;-0.048095703125;0.2861328125;0;1
13992;279;1.012939453125;-0.052490234375;0.287109375;0;1
14086;280;1.01806640625;-0.041259765625;0.281982421875;0;1
14090;281;1.01806640625;-0.041259765625;0.281982421875;0;1
14188;282;1.01953125;-0.044189453125;0.28564453125;0;1
14192;283;1.01953125;-0.044189453125;0.28564453125;0;1
14281;284;1.025146484375;-0.045654296875;0.33447265625;0;1
14330;285;1.0166015625;-0.044189453125;0.342041015625;0;1
14371;286;1.01611328125;-0.036865234375;0.303466796875;0;1
14429;287;1.025634765625;-0.047607421875;0.292724609375;0;1
14478;288;1.01708984375;-0.043701171875;0.30615234375;0;1
14524;289;1.022705078125;-0.03955078125;0.343505859375;0;1
14572;290;1.012939453125;-0.03955078125;0.334228515625;0;1
14625;291;1.0185546875;-0.041259765625;0.341796875;0;1
14674;292;1.019287109375;-0.04150390625;0.324951171875;0;1
14719;293;1.017822265625;-0.04248046875;0.2822265625;0;1
14769;294;1.01904296875;-0.042724609375;0.3359375;0;1
14813;295;1.02392578125;-0.04296875;0.335693359375;0;1
14867;296;1.020751953125;-0.041259765625;0.334716796875;0;1
14916;297;1.019775390625;-0.043212890625;0.336669921875;0;1
14962;298;1.0205078125;-0.041259765625;0.336669921875;0;1
149;1;-2.9375;0.1875;-2.1640625;1;1
171;2;-2.9375;0.1875;-2.1640625;1;1
181;3;-4.40625;2.734375;-2.28125;1;1
195;4;-4.40625;2.734375;-2.28125;1;1
225;5;-1.265625;0.96875;-2.265625;1;1
327;6;-2.28125;-2.546875;-2.4296875;1;1
332;7;-2.28125;-2.546875;-2.4296875;1;1
429;8;-1.0625;-2.3125;-2.140625;1;1
434;9;-1.0625;-2.3125;-2.140625;1;1
529;10;-2.9375;0.140625;-2.46875;1;1
570;11;-2.765625;0.03125;-2.21875;1;1
624;12;-1.0390625;-2.2421875;-2.3515625;1;1
685;13;-2.9921875;-1.1484375;-2.3515625;1;1
712;14;-2.9453125;-2.0546875;-2.234375;1;1
760;15;-1.3515625;-0.96875;-2.046875;1;1
810;16;-4.7421875;2.4140625;-2.1484375;1;1
860;17;-0.6953125;2.4453125;-2.078125;1;1
909;18;-2.578125;-1.4609375;-2.109375;1;1
956;19;-1.3828125;2.5078125;-2.46875;1;1
1006;20;-1.75;0.875;-2.28125;1;1
1054;21;-1.515625;-0.4765625;-2.3984375;1;1
1116;22;-4.8125;1.984375;-2.671875;1;1
1153;23;-4.015625;-0.1875;-2.6484375;1;1
1204;24;-2.359375;0.4375;-2.296875;1;1
1252;25;-2.5859375;-2.078125;-2.546875;1;1
1301;26;-1.6875;0.2578125;-2.203125;1;1
1347;27;-1.125;0.578125;-2.3046875;1;1
1397;28;-2.953125;0.84375;-2.1328125;1;1
1445;29;-1.0703125;0.3203125;-2.3828125;1;1
1493;30;-2.1015625;-2.6484375;-2.2109375;1;1
1543;31;-2.390625;-2.4296875;-2.1640625;1;1
1591;32;0.125;-1.9765625;0.1796875;1;1
1640;33;-2.359375;0.765625;-2.2578125;1;1
1690;34;-1.2578125;0.546875;-2.5703125;1;1
1748;35;-2.21875;-1.1171875;-2.3671875;1;1
1787;36;-1.6484375;-2.28125;-2.265625;1;1
1848;37;-1.1328125;0.2421875;-2.40625;1;1
1886;38;-2.9609375;0.8203125;-2.078125;1;1
1933;39;-1.3359375;-2.09375;-2.25;1;1
1980;40;-2.8515625;0.09375;-2.1875;1;1
2030;41;-2.6796875;-2.1640625;-2.296875;1;1
2079;42;-2.3671875;-2.0625;-2.140625;1;1
2138;43;-2.6484375;-2.15625;-2.265625;1;1
2175;44;-2.4921875;-2.359375;-2.359375;1;1
2225;45;-2.46875;0.40625;-2.21875;1;1
2325;46;-2.3203125;-2.28125;-2.5;1;1
2329;47;-2.3203125;-2.28125;-2.5;1;1
2419;48;0.078125;0.2265625;-2.15625;1;1
2423;49;-0.1640625;-6.2734375;-2.09375;1;1
2520;50;1.875;-3.0859375;0.375;1;1
2565;51;-1.0703125;-1.8671875;0.0703125;1;1
2614;52;-2.796875;2.1171875;0.21875;1;1
2664;53;-2.3359375;-4.2890625;0.2734375;1;1
2712;54;0.2421875;-1.2265625;0.46875;1;1
2768;55;0.4453125;-3.6796875;0.6328125;1;1
2811;56;0.4765625;-3.3671875;0.7265625;1;1
2860;57;0.7890625;-4.2265625;0.8828125;1;1
2907;58;0.515625;-1.8515625;0.5390625;1;1
2955;59;-0.9375;-4.359375;0.703125;1;1
3014;60;0.3828125;-1.75;0.3125;1;1
3059;61;-0.46875;-1.53125;0.0390625;1;1
3105;62;-0.515625;-2.6640625;0.4375;1;1
3152;63;0.8828125;-1.3515625;0.1484375;1;1
3202;64;-0.859375;-2.0546875;-2.5;1;1
3248;65;0.2734375;-0.671875;-2.7265625;1;1
3296;66;-0.1796875;-1.6015625;-2.546875;1;1
3346;67;0.90625;0.6171875;-2.5546875;1;1
3395;68;-1.296875;0.8515625;-1.4921875;1;1
3445;69;-4.4609375;1.234375;-1.6171875;1;1
3493;70;-4.578125;-2.671875;-1.546875;1;1
3540;71;-4.8203125;-2.1640625;-1.3046875;1;1
3590;72;-1.9765625;-1.453125;-1.0390625;1;1
3638;73;-2.2109375;-10.1796875;-1.4296875;1;1
3691;74;0.96875;-14.8828125;-1.7421875;1;1
3736;75;0.25;-21.359375;-3.2109375;1;1
3796;76;-2.0859375;-38.9296875;-8.734375;1;1
3833;77;-3.6171875;-59.2421875;-14.046875;1;1
3884;78;-11.9375;-86.7421875;-20.25;1;1
3931;79;16.3359375;-93.5;-20.671875;1;1
3979;80;14.1015625;-114.7890625;-15.4296875;1;1
4028;81;27.7578125;-111.171875;-15.1328125;1;1
4077;82;39.1328125;-119.1015625;-10.3125;1;1
4126;83;40.9921875;-147.375;-7.828125;1;1
4176;84;50.03125;-136.46875;-3.7109375;1;1
4275;85;19.921875;-109.140625;2.4140625;1;1
4279;86;19.921875;-109.140625;2.4140625;1;1
4372;87;18.8515625;-84.8359375;-7.515625;1;1
4376;88;18.8515625;-84.8359375;-7.515625;1;1
4471;89;-0.46875;-72.296875;1.5625;1;1
4517;90;3.6484375;-47.9609375;8.7578125;1;1
4566;91;-8.1484375;-34.6796875;4.9140625;1;1
4615;92;-5.0703125;-15.9921875;-2.515625;1;1
4664;93;-7.3671875;-12.1796875;-6.703125;1;1
4709;94;8.046875;-4.6484375;-5.8515625;1;1
4759;95;1.453125;12.9609375;4.828125;1;1
4808;96;10.109375;5.4453125;12.15625;1;1
4857;97;1.71875;0.609375;15.546875;1;1
4906;98;-17.9765625;18.9140625;13.578125;1;1
4955;99;-24.0859375;26.8046875;15.5859375;1;1
5005;100;-10.1171875;32.734375;12.171875;1;1
5052;101;-6.96875;19.75;15.8125;1;1
5103;102;-9.453125;15.25;15.125;1;1
5150;103;-8.71875;14.5234375;14.0703125;1;1
5198;104;-3.6015625;8.09375;8.4921875;1;1
5247;105;-4.6875;2.4609375;1.984375;1;1
5297;106;-1.9296875;-0.96875;-2.3828125;1;1
5346;107;-4.390625;-0.0625;0.703125;1;1
5399;108;-6.3125;-1.4296875;-3.5390625;1;1
5443;109;-2.5703125;0.3203125;-6.9921875;1;1
5491;110;0.515625;2.1796875;-5.859375;1;1
5540;111;0.546875;1.625;-5.75;1;1
5589;112;-2.96875;2.984375;-5.7890625;1;1
5642;113;-2.015625;1.9765625;-5.9453125;1;1
5686;114;0.3671875;2.5;-6.2734375;1;1
5737;115;0.5625;1.21875;-3.3671875;1;1
5783;116;-4.4296875;0.2734375;-3.8203125;1;1
5832;117;-2.6171875;-1.09375;-3.40625;1;1
5890;118;-2.5234375;-1.2421875;-3.4296875;1;1
5933;119;-2.2265625;-2.3203125;-4.2421875;1;1
5980;120;-2.8203125;-2.0234375;-1.7734375;1;1
6031;121;0.2578125;-2.671875;-2.8046875;1;1
6078;122;-0.0859375;-4.40625;-1.0390625;1;1
6127;123;-0.7265625;-3.2265625;-1.125;1;1
6230;124;-4.078125;-6.296875;-2.6328125;1;1
6235;125;-4.078125;-6.296875;-2.6328125;1;1
6334;126;-1.9140625;-5.3125;-2.9609375;1;1
6340;127;-1.9140625;-5.3125;-2.9609375;1;1
6427;128;0.2578125;-3.328125;-1.203125;1;1
6467;129;-0.4140625;-7.3125;-1.734375;1;1
6521;130;4.125;-10.6796875;0.296875;1;1
6565;131;7.09375;-11.4140625;0.2890625;1;1
6615;132;1.3125;-7.8828125;-6.8203125;1;1
6669;133;0.421875;-11.6015625;-6.2421875;1;1
6710;134;-2.3125;-5.75;-3.2890625;1;1
6757;135;0.109375;2.0546875;-3.9296875;1;1
6826;136;-1.875;8.0234375;-4.8203125;1;1
6857;137;-1.6796875;2.6328125;-4.2421875;1;1
6905;138;-4.7734375;-5.671875;-1.0859375;1;1
6954;139;-4.6953125;-5.7578125;0.046875;1;1
7014;140;1.3515625;-13.96875;-0.7734375;1;1
7053;141;0.0234375;-18.65625;4.125;1;1
7100;142;-3.015625;-22.7265625;1.2109375;1;1
7148;143;7.078125;-20.578125;-1.9140625;1;1
7197;144;0.6640625;-2.640625;-1.859375;1;1
7247;145;14.3203125;-7.203125;-4.1484375;1;1
7294;146;15.875;-43.4609375;-13.453125;1;1
7343;147;8.8984375;-90.0078125;-13.46875;1;1
7392;148;-2.4375;-11.6484375;-5.8359375;1;1
7455;149;-6.328125;12.359375;1.6484375;1;1
7490;150;-2.1015625;25.59375;1.8515625;1;1
7540;151;-4.21875;38.0859375;1.203125;1;1
7594;152;-10.046875;43.25;1.7109375;1;1
7637;153;-8.15625;49.9296875;2.609375;1;1
7688;154;-9.0703125;73.25;-1.015625;1;1
7733;155;-17.71875;98.078125;-2.796875;1;1
7795;156;-14.6484375;127.2265625;3.859375;1;1
7832;157;-12.8828125;137.15625;-1.4765625;1;1
7889;158;-6.3671875;145.109375;-4.421875;1;1
7929;159;1.5390625;146.21875;-8.5078125;1;1
7990;160;20.1484375;136.0546875;-10.1640625;1;1
8027;161;27.765625;106.359375;-5.109375;1;1
8083;162;15.859375;94.21875;-7.4765625;1;1
8181;163;-19.65625;54.921875;-7.5625;1;1
8187;164;-19.65625;54.921875;-7.5625;1;1
8270;165;-27.21875;52.3203125;-10.515625;1;1
8274;166;-27.21875;52.3203125;-10.515625;1;1
8369;167;-73.3515625;15.71875;-23.0078125;1;1
8419;168;-40.984375;39.8203125;-3.046875;1;1
8467;169;-34.2421875;29.875;-7.65625;1;1
8521;170;-15.109375;17.7421875;-8.640625;1;1
8564;171;-17.8671875;5.5078125;-8.0390625;1;1
8611;172;-12.6328125;-3.6171875;-9.984375;1;1
8671;173;-14.84375;-7.890625;-11.765625;1;1
8714;174;-20.6875;-14.6171875;-15.9765625;1;1
8758;175;-31.5546875;-16.3671875;-17.2265625;1;1
8822;176;-37.671875;1.8125;-16.171875;1;1
8856;177;-20.9140625;3.9375;-10.6484375;1;1
8913;178;-1.96875;12.0078125;-6.859375;1;1
8954;179;6.0625;16.3125;-1.5625;1;1
9002;180;0.2578125;17.4375;-1.171875;1;1
9050;181;-5.7265625;21.28125;-1.3046875;1;1
9111;182;-5.5703125;17.9375;-2.4375;1;1
9152;183;-17.8515625;13.21875;0.6875;1;1
9198;184;-15.015625;12.765625;3.4765625;1;1
9252;185;-18.859375;3.0390625;5.9921875;1;1
9295;186;-8.234375;6.8828125;7.2421875;1;1
9355;187;6.0390625;9.2734375;7.0078125;1;1
9392;188;11.2890625;10.0859375;5.65625;1;1
9446;189;15.328125;1.4609375;3.765625;1;1
9491;190;18.2421875;8.140625;6.8203125;1;1
9555;191;15.5;2.5546875;5.7421875;1;1
9588;192;12.71875;7.6796875;6.6796875;1;1
9648;193;6.3515625;10.09375;3.3359375;1;1
9685;194;1.46875;6.2109375;2.828125;1;1
9739;195;-0.421875;2.0546875;0.4609375;1;1
9782;196;-8.1328125;-2.3046875;-1.40625;1;1
9844;197;-8.2578125;-0.5859375;-1.6640625;1;1
9879;198;-10.46875;-0.1484375;-1.46875;1;1
9946;199;-12.703125;-2.234375;-2.828125;1;1
9977;200;-15.875;-3.6328125;-1.3359375;1;1
10027;201;-17.734375;-7.2109375;-4.4921875;1;1
10129;202;-17.0546875;-4.984375;-3.3671875;1;1
10133;203;-17.0546875;-4.984375;-3.3671875;1;1
10225;204;-6.7734375;-6.0234375;-2.8671875;1;1
10231;205;-6.7734375;-6.0234375;-2.8671875;1;1
10331;206;-4.1171875;-0.890625;-2.6015625;1;1
10369;207;-2.4453125;0.9375;0.390625;1;1
10422;208;-0.9453125;2.3515625;-0.96875;1;1
10465;209;2.2109375;-0.9140625;-0.390625;1;1
10512;210;-0.3203125;2.4609375;-0.796875;1;1
10569;211;-0.2734375;2.46875;0.71875;1;1
10611;212;-0.1796875;2.8125;0.0859375;1;1
10659;213;-3.5234375;2.828125;-2.2578125;1;1
10707;214;-3.0234375;2.7109375;-2.25;1;1
10755;215;-6.921875;0.4921875;-2.53125;1;1
10813;216;-6.6796875;0.5;-2.0859375;1;1
10860;217;-3.6015625;-0.625;-2.203125;1;1
10905;218;-4.40625;-1.046875;0.0703125;1;1
10951;219;-1.7578125;3.4765625;0.5625;1;1
11000;220;0.0390625;-6.828125;0.9375;1;1
11051;221;-0.59375;0.71875;0.4375;1;1
11097;222;0.609375;-1.453125;0.984375;1;1
11146;223;2.9609375;-0.4140625;0.671875;1;1
11197;224;1.1015625;2.21875;0.984375;1;1
11244;225;1.1015625;0.6875;0.6875;1;1
11294;226;1.09375;2.3125;0.171875;1;1
11347;227;-0.0234375;2.2578125;0.0625;1;1
11390;228;-2.6484375;-0.7734375;-2.3203125;1;1
11440;229;-1.1328125;0.1015625;-2.484375;1;1
11494;230;-4.71875;-0.1875;-1.09375;1;1
11536;231;-3.7421875;2.5703125;-2.96875;1;1
11590;232;-1.140625;-1.1875;-1.046875;1;1
11633;233;-2.8984375;2.265625;-1.3359375;1;1
11682;234;-4.875;-6.359375;-1.2421875;1;1
11731;235;-4.84375;0.7109375;-1.65625;1;1
11785;236;-6.1171875;-3.9453125;-2.796875;1;1
11829;237;-4.734375;-1.7421875;-2.6640625;1;1
11883;238;-4.3984375;-1.3203125;-2.65625;1;1
11928;239;-2.796875;-4.78125;-2.3671875;1;1
11988;240;0.0546875;-1.9375;-2.984375;1;1
12027;241;0.765625;-1.828125;-2.3203125;1;1
12126;242;-0.9296875;-4.71875;-2.2890625;1;1
12131;243;-0.9296875;-4.71875;-2.2890625;1;1
12226;244;0.6953125;0.78125;-2.140625;1;1
12230;245;0.6953125;0.78125;-2.140625;1;1
12318;246;2.9296875;-4.6171875;-2.234375;1;1
12367;247;2.9921875;0.921875;-2.140625;1;1
12413;248;-0.7734375;-4.2890625;-2.765625;1;1
12465;249;-2.65625;0.703125;-2.421875;1;1
12565;250;-2.796875;-2.4453125;0.015625;1;1
12601;251;-2.796875;-2.4453125;0.015625;1;1
12634;252;-2.8359375;-1.6875;-2.296875;1;1
12673;253;-1.5;-1.0859375;-2.28125;1;1
12718;254;-2.2421875;0.171875;-2.4765625;1;1
12773;255;-1.09375;0.203125;-2.2109375;1;1
12822;256;-1.2890625;0.2578125;-2.3203125;1;1
12869;257;-2.9921875;0.5;-2.2421875;1;1
12914;258;-1.0234375;-0.2109375;-2.0625;1;1
12967;259;-1.8828125;1.03125;0.1640625;1;1
13017;260;-2.0859375;0.71875;-2.140625;1;1
13064;261;-0.7890625;3.0859375;-2.125;1;1
13111;262;-1.5234375;-1.2734375;-2.0546875;1;1
13163;263;-4.5078125;2.28125;-2.21875;1;1
13212;264;-3.5;0.1640625;0.1953125;1;1
13259;265;-4.8125;-0.1484375;-2.21875;1;1
13308;266;-3.4375;1.1796875;-2.4140625;1;1
13359;267;-3.1171875;0.921875;-2.359375;1;1
13400;268;-1.046875;2.1328125;-2.3359375;1;1
13456;269;-4.0859375;-0.703125;-2.171875;1;1
13494;270;-4.6875;0.703125;-2.2734375;1;1
13558;271;-2.96875;-1.15625;-2.375;1;1
13598;272;-1.6015625;0.1015625;-2.453125;1;1
13647;273;-1.3828125;-2.5078125;-2.4453125;1;1
13696;274;-1.5078125;2.390625;-2.8046875;1;1
13749;275;-2.6484375;-2.359375;-2.859375;1;1
13794;276;-1.2265625;-0.453125;-1.515625;1;1
13844;277;-1.4765625;-1.578125;-2.6796875;1;1
13898;278;-2.2890625;-1.0078125;-2.6640625;1;1
13934;279;0.2421875;0.25;-2.6484375;1;1
13993;280;-2.1328125;-2.609375;-2.375;1;1
14087;281;0.59375;-2.25;-2.1484375;1;1
14091;282;0.59375;-2.25;-2.1484375;1;1
14189;283;0.4375;-2.6953125;0.0390625;1;1
14192;284;0.4375;-2.6953125;0.0390625;1;1
14281;285;0.4140625;-2.8671875;0.15625;1;1
14331;286;-2.25;0.375;0.203125;1;1
14372;287;2.515625;-6.234375;0.1953125;1;1
14430;288;0.9609375;-0.6171875;0.3125;1;1
14478;289;-2.109375;-4.9765625;0.2109375;1;1
14525;290;0.1328125;0.0546875;0.1171875;1;1
14573;291;-1.3125;-1.8984375;0.5390625;1;1
14626;292;-2.3515625;-2.0390625;0.6796875;1;1
14675;293;-2.9296875;-0.34375;0.40625;1;1
14720;294;-2.8828125;0.015625;0.2578125;1;1
14770;295;-2.46875;-2.484375;0.09375;1;1
14814;296;-1.375;-2.6953125;-2.0859375;1;1
14868;297;-1.2890625;-2.546875;-2.1953125;1;1
14917;298;-2.8125;-2.5;-2.265625;1;1
14962;299;-2.921875;0.2578125;-2.2109375;1;1
150;1;7.166666507720947;58.5;9.166666984558106;2;1
172;2;7.166666507720947;58.5;9.166666984558106;2;1
182;3;7.166666507720947;58.16666793823242;8.333333015441895;2;1
196;4;7.166666507720947;58.16666793823242;8.333333015441895;2;1
226;5;6.5;58.66666793823242;10.16666698455811;2;1
328;6;7.833333492279053;60;9.166666984558106;2;1
333;7;7.833333492279053;60;9.166666984558106;2;1
430;8;6.833333492279053;58.66666793823242;8.166666984558106;2;1
435;9;6.833333492279053;58.66666793823242;8.166666984558106;2;1
530;10;6.833333492279053;58.66666793823242;8.166666984558106;2;1
571;11;7.333333492279053;59.5;10.16666698455811;2;1
625;12;7.333333492279053;59.5;10.16666698455811;2;1
687;13;6.833333492279053;58.33333206176758;9.666666984558106;2;1
713;14;6.833333492279053;59.83333206176758;10.5;2;1
762;15;8.5;60.33333206176758;10.5;2;1
811;16;7.333333492279053;57.83333206176758;10.5;2;1
861;17;5.833333492279053;60.5;9.166666984558106;2;1
909;18;7.166666507720947;60.5;9.166666984558106;2;1
958;19;8.666666984558106;58.83333206176758;11;2;1
1006;20;7.833333492279053;59.33333206176758;10.66666698455811;2;1
1055;21;6.833333492279053;59.5;11.16666698455811;2;1
1118;22;8.5;57.83333206176758;9;2;1
1154;23;7.333333492279053;61.5;10.16666698455811;2;1
1205;24;7.333333492279053;61;9;2;1
1253;25;8.166666984558106;59.83333206176758;9.333333015441895;2;1
1303;26;7.666666507720947;58.66666793823242;7.833333492279053;2;1
1348;27;7.166666507720947;59.66666793823242;8.333333015441895;2;1
1397;28;7.166666507720947;59.66666793823242;11;2;1
1446;29;9;58.83333206176758;10.66666698455811;2;1
1494;30;6.833333492279053;58.33333206176758;10.16666698455811;2;1
1544;31;8.166666984558106;59.16666793823242;8.166666984558106;2;1
1592;32;8.166666984558106;58.33333206176758;8.166666984558106;2;1
1640;33;7.5;60;8.833333015441895;2;1
1691;34;7.166666507720947;58.83333206176758;10.66666698455811;2;1
1748;35;6.166666507720947;59.5;9.666666984558106;2;1
1788;36;7.833333492279053;60.83333206176758;9.833333015441895;2;1
1849;37;8.166666984558106;61;10.16666698455811;2;1
1887;38;7.833333492279053;58.16666793823242;11;2;1
1934;39;6.333333492279053;58.83333206176758;9.166666984558106;2;1
1981;40;7.833333492279053;58.16666793823242;9.833333015441895;2;1
2030;41;8.166666984558106;60.33333206176758;10.5;2;1
2080;42;7.5;59.33333206176758;7.166666507720947;2;1
2139;43;6.333333492279053;58.5;11;2;1
2176;44;7.333333492279053;59.83333206176758;9;2;1
2226;45;6.5;61;9.333333015441895;2;1
2326;46;7.666666507720947;57.83333206176758;8.5;2;1
2330;47;7.666666507720947;57.83333206176758;8.5;2;1
2420;48;7.666666507720947;57.83333206176758;8.5;2;1
2424;49;7.5;59.66666793823242;9.166666984558106;2;1
2521;50;7.5;59.66666793823242;9.166666984558106;2;1
2566;51;7.333333492279053;57.83333206176758;10.8333330154419;2;1
2615;52;8.333333015441895;59.66666793823242;9.166666984558106;2;1
2665;53;7.5;58.5;9.5;2;1
2712;54;8.166666984558106;58.66666793823242;10.8333330154419;2;1
2769;55;8.666666984558106;58.16666793823242;11;2;1
2812;56;7.333333492279053;61;9.666666984558106;2;1
2861;57;8.5;59.83333206176758;11.66666698455811;2;1
2908;58;8.166666984558106;57.83333206176758;9.333333015441895;2;1
2957;59;7.333333492279053;60.33333206176758;11.16666698455811;2;1
3015;60;6.333333492279053;58.83333206176758;9.833333015441895;2;1
3060;61;8.5;61.5;11.16666698455811;2;1
3107;62;6.5;60.33333206176758;12.3333330154419;2;1
3153;63;7.166666507720947;60;11;2;1
3204;64;6.833333492279053;59.16666793823242;10.5;2;1
3249;65;6.666666507720947;59.66666793823242;11;2;1
3297;66;8.166666984558106;61;11.16666698455811;2;1
3347;67;6.5;60.33333206176758;12;2;1
3395;68;8.333333015441895;59.33333206176758;12.66666698455811;2;1
3445;69;7.833333492279053;60.5;10.3333330154419;2;1
3494;70;7.333333492279053;59.83333206176758;14.3333330154419;2;1
3541;71;8.166666984558106;59.5;11.16666698455811;2;1
3591;72;8.5;58.33333206176758;10.8333330154419;2;1
3639;73;7.166666507720947;59.33333206176758;12.16666698455811;2;1
3692;74;8.5;61;11.66666698455811;2;1
3736;75;7.833333492279053;58.83333206176758;12.16666698455811;2;1
3797;76;7.166666507720947;59.66666793823242;11.5;2;1
3834;77;7.833333492279053;59.33333206176758;12.66666698455811;2;1
3885;78;8.833333015441895;58.66666793823242;15.16666698455811;2;1
3932;79;10.5;60.66666793823242;18.5;2;1
3980;80;11.66666698455811;56.66666793823242;-20.66666603088379;2;1
4028;81;10.66666698455811;56.83333206176758;-17;2;1
4078;82;9.666666984558106;55.5;-14.8333330154419;2;1
4126;83;10.5;53.83333206176758;-8.833333015441895;2;1
4177;84;9.833333015441895;52.83333206176758;-5.5;2;1
4276;85;8.833333015441895;46.66666793823242;43.5;2;1
4280;86;8.833333015441895;46.66666793823242;43.5;2;1
4373;87;9.833333015441895;44.16666793823242;43.66666793823242;2;1
4377;88;9.833333015441895;44.16666793823242;43.66666793823242;2;1
4472;89;9.833333015441895;44.16666793823242;43.66666793823242;2;1
4518;90;10;-3.5;45.5;2;1
4567;91;8.833333015441895;-3.166666746139526;45.83333206176758;2;1
4616;92;9.666666984558106;-3.166666746139526;45;2;1
4665;93;9;-2.833333253860474;44.83333206176758;2;1
4710;94;10.66666698455811;-2.5;44.83333206176758;2;1
4759;95;10.5;-0.3333333432674408;-0.6666666865348816;2;1
4809;96;11;-0.5;43;2;1
4857;97;10.66666698455811;-1.666666626930237;-0.8333333134651184;2;1
4907;98;9.666666984558106;42.66666793823242;-1.833333373069763;2;1
4955;99;10.5;-1.166666626930237;-2.166666746139526;2;1
5006;100;10.66666698455811;-1.333333373069763;-4;2;1
5053;101;11.5;44.16666793823242;-4.333333492279053;2;1
5104;102;11;43.33333206176758;-3.5;2;1
5151;103;10.66666698455811;43;-2.5;2;1
5200;104;11.66666698455811;43.5;-3;2;1
5247;105;12;45.16666793823242;-4.833333492279053;2;1
5298;106;10.5;45.16666793823242;-4.5;2;1
5347;107;12.3333330154419;45;-3.5;2;1
5401;108;12;46.66666793823242;-4.833333492279053;2;1
5444;109;13.66666698455811;45.16666793823242;-4.5;2;1
5492;110;11.3333330154419;44.66666793823242;-4.166666507720947;2;1
5541;111;13;44.5;-4.333333492279053;2;1
5589;112;10.66666698455811;43.33333206176758;-5.166666507720947;2;1
5643;113;12;46.33333206176758;-3.833333253860474;2;1
5687;114;12.3333330154419;43.33333206176758;-5.166666507720947;2;1
5738;115;12.8333330154419;45.5;-4.166666507720947;2;1
5784;116;11.3333330154419;44.66666793823242;-3.333333253860474;2;1
5832;117;12.66666698455811;46.16666793823242;-3.5;2;1
5891;118;12.8333330154419;44.33333206176758;-5.333333492279053;2;1
5934;119;12.66666698455811;45;-4.333333492279053;2;1
5982;120;11.66666698455811;44.33333206176758;-3.333333253860474;2;1
6032;121;13.3333330154419;44.33333206176758;-5.666666507720947;2;1
6079;122;10.5;44.66666793823242;-3.833333253860474;2;1
6128;123;13.66666698455811;44;-4.166666507720947;2;1
6231;124;12.66666698455811;43.33333206176758;-5.833333492279053;2;1
6236;125;12.66666698455811;43.33333206176758;-5.833333492279053;2;1
6336;126;11.66666698455811;44;-2.666666746139526;2;1
6341;127;11.66666698455811;44;-2.666666746139526;2;1
6428;128;11.66666698455811;44;-2.666666746139526;2;1
6468;129;13.8333330154419;43.66666793823242;-4.333333492279053;2;1
6522;130;11;-0.1666666716337204;-5.166666507720947;2;1
6566;131;11.8333330154419;43;-3.166666746139526;2;1
6616;132;9.666666984558106;44.66666793823242;-3;2;1
6670;133;9.5;-0.1666666716337204;-2.5;2;1
6712;134;9.833333015441895;43;-3.5;2;1
6758;135;12.5;43.16666793823242;-3;2;1
6827;136;11;43.33333206176758;-2.833333253860474;2;1
6858;137;13.3333330154419;42.66666793823242;-3;2;1
6906;138;11;-0.5;-5.166666507720947;2;1
6955;139;11.3333330154419;42.66666793823242;-2.666666746139526;2;1
7016;140;11.3333330154419;43.16666793823242;-4.5;2;1
7054;141;12.3333330154419;-0.1666666716337204;-2.833333253860474;2;1
7101;142;9.666666984558106;-0.6666666865348816;-1.833333373069763;2;1
7149;143;12;-0.3333333432674408;-3.333333253860474;2;1
7198;144;11.3333330154419;-0.6666666865348816;-3.833333253860474;2;1
7248;145;11.5;-0.8333333134651184;-4.333333492279053;2;1
7295;146;11.66666698455811;-0.3333333432674408;-2.666666746139526;2;1
7344;147;10.5;-0.3333333432674408;-1.833333373069763;2;1
7393;148;8.5;-1.166666626930237;-0.3333333432674408;2;1
7455;149;8.333333015441895;-4.5;44.5;2;1
7491;150;10.66666698455811;-5.333333492279053;45.16666793823242;2;1
7540;151;7.666666507720947;-3.166666746139526;46.66666793823242;2;1
7595;152;6.5;-4.333333492279053;47;2;1
7638;153;7.666666507720947;-3.5;47.33333206176758;2;1
7688;154;7.166666507720947;-1.666666626930237;49.16666793823242;2;1
7734;155;7.333333492279053;-2.333333253860474;47.66666793823242;2;1
7796;156;8.166666984558106;-0.3333333432674408;46.16666793823242;2;1
7834;157;6.833333492279053;44.66666793823242;46.66666793823242;2;1
7890;158;8.833333015441895;47.5;44.66666793823242;2;1
7930;159;7.5;48.5;43;2;1
7990;160;9.333333015441895;51.16666793823242;-2.166666746139526;2;1
8028;161;7.5;54.16666793823242;-5.166666507720947;2;1
8086;162;6.333333492279053;54.83333206176758;-8.166666984558106;2;1
8182;163;5.5;57.33333206176758;-14;2;1
8188;164;5.5;57.33333206176758;-14;2;1
8271;165;7.666666507720947;58.66666793823242;-17.16666603088379;2;1
8275;166;7.666666507720947;58.66666793823242;-17.16666603088379;2;1
8370;167;7.666666507720947;58.66666793823242;-17.16666603088379;2;1
8420;168;9;58.16666793823242;-19.66666603088379;2;1
8468;169;8.333333015441895;58.5;-20.83333396911621;2;1
8523;170;7.5;58.83333206176758;18;2;1
8565;171;9;59.33333206176758;16.5;2;1
8611;172;6.833333492279053;59.83333206176758;15.8333330154419;2;1
8672;173;9.5;60;14.8333330154419;2;1
8715;174;10.8333330154419;58.33333206176758;16.16666603088379;2;1
8759;175;8.166666984558106;57.83333206176758;15.8333330154419;2;1
8825;176;11.8333330154419;60;16.5;2;1
8857;177;10.3333330154419;59.33333206176758;14.8333330154419;2;1
8914;178;10;59.5;14.3333330154419;2;1
8955;179;13.3333330154419;57.83333206176758;15.5;2;1
9004;180;11;57.66666793823242;15.3333330154419;2;1
9050;181;11.66666698455811;58.33333206176758;14.3333330154419;2;1
9112;182;13;59.33333206176758;13.3333330154419;2;1
9153;183;11.3333330154419;57.83333206176758;11.66666698455811;2;1
9200;184;12.66666698455811;57.66666793823242;13;2;1
9253;185;11.5;56.16666793823242;9.833333015441895;2;1
9296;186;11;58.83333206176758;8.833333015441895;2;1
9357;187;9.333333015441895;57.5;9.333333015441895;2;1
9394;188;10.3333330154419;57.33333206176758;10.66666698455811;2;1
9448;189;11;57.66666793823242;8;2;1
9493;190;8.5;59.16666793823242;8.166666984558106;2;1
9556;191;10;58.66666793823242;9;2;1
9589;192;10;59.5;10.8333330154419;2;1
9649;193;10.3333330154419;58.5;10.3333330154419;2;1
9685;194;9.333333015441895;59.83333206176758;10.5;2;1
9740;195;9.833333015441895;59.33333206176758;9.833333015441895;2;1
9782;196;9.5;59.33333206176758;9.5;2;1
9845;197;8.333333015441895;58.83333206176758;9.833333015441895;2;1
9880;198;9.5;59.66666793823242;8.833333015441895;2;1
9947;199;9.833333015441895;58.83333206176758;10.3333330154419;2;1
9978;200;9.333333015441895;60.33333206176758;7.833333492279053;2;1
10027;201;9;58.83333206176758;8.333333015441895;2;1
10130;202;9.333333015441895;58.66666793823242;7;2;1
10134;203;9.333333015441895;58.66666793823242;7;2;1
10227;204;9.333333015441895;59.16666793823242;8.5;2;1
10232;205;9.333333015441895;59.16666793823242;8.5;2;1
10332;206;9.333333015441895;59.16666793823242;8.5;2;1
10370;207;8.666666984558106;58.5;7.166666507720947;2;1
10424;208;8.833333015441895;58.33333206176758;8.166666984558106;2;1
10466;209;9.333333015441895;58.66666793823242;8.5;2;1
10513;210;8.5;59.5;8.5;2;1
10570;211;9;57.33333206176758;8.833333015441895;2;1
10612;212;10.5;58.66666793823242;6.666666507720947;2;1
10660;213;7.666666507720947;59.5;8.166666984558106;2;1
10708;214;7.833333492279053;57.33333206176758;8;2;1
10756;215;7.833333492279053;58.16666793823242;7.666666507720947;2;1
10815;216;9;58.83333206176758;6.5;2;1
10861;217;10;60.33333206176758;6.333333492279053;2;1
10905;218;9.833333015441895;58.5;6.5;2;1
10952;219;10.3333330154419;58.83333206176758;6.833333492279053;2;1
11001;220;7.833333492279053;57.66666793823242;6;2;1
11051;221;8.333333015441895;58.83333206176758;8;2;1
11097;222;9.5;58.16666793823242;5.666666507720947;2;1
11147;223;10.5;59.16666793823242;5.833333492279053;2;1
11198;224;9.666666984558106;59.16666793823242;5.166666507720947;2;1
11244;225;8.833333015441895;57.5;6.666666507720947;2;1
11294;226;8.166666984558106;58.66666793823242;6.666666507720947;2;1
11348;227;7.833333492279053;58.5;6.833333492279053;2;1
11391;228;7.5;59.33333206176758;6.5;2;1
11440;229;9.833333015441895;60;6.833333492279053;2;1
11496;230;8.5;58.66666793823242;6.333333492279053;2;1
11536;231;8.666666984558106;60.5;6.833333492279053;2;1
11590;232;9.333333015441895;57.83333206176758;5.833333492279053;2;1
11634;233;6.666666507720947;59.33333206176758;8;2;1
11683;234;8.666666984558106;59.33333206176758;6.5;2;1
11731;235;8.833333015441895;58.33333206176758;5.5;2;1
11785;236;8.5;59.83333206176758;5.833333492279053;2;1
11829;237;7.5;59.33333206176758;6.5;2;1
11886;238;8.833333015441895;58.33333206176758;6.666666507720947;2;1
11929;239;8.666666984558106;56.16666793823242;6.5;2;1
11989;240;7.166666507720947;59.33333206176758;6.5;2;1
12028;241;7.5;60.83333206176758;5.666666507720947;2;1
12127;242;7.166666507720947;58.83333206176758;6.833333492279053;2;1
12131;243;7.166666507720947;58.83333206176758;6.833333492279053;2;1
12227;244;8.333333015441895;57.33333206176758;6.833333492279053;2;1
12231;245;8.333333015441895;57.33333206176758;6.833333492279053;2;1
12319;246;8.333333015441895;57.33333206176758;6.833333492279053;2;1
12368;247;8.666666984558106;57.33333206176758;6.833333492279053;2;1
12414;248;7.5;58.16666793823242;7.166666507720947;2;1
12465;249;8.333333015441895;60;8;2;1
12566;250;8.166666984558106;59.16666793823242;9;2;1
12602;251;8.166666984558106;59.16666793823242;9;2;1
12635;252;8.166666984558106;57.83333206176758;5.833333492279053;2;1
12674;253;8.333333015441895;59.66666793823242;7.666666507720947;2;1
12719;254;10.5;58.66666793823242;7;2;1
12773;255;9.333333015441895;58.33333206176758;7.333333492279053;2;1
12823;256;8.333333015441895;58.83333206176758;7.666666507720947;2;1
12869;257;9.666666984558106;59.16666793823242;8.166666984558106;2;1
12915;258;9.333333015441895;57.5;7;2;1
12968;259;7.166666507720947;57.66666793823242;5.666666507720947;2;1
13017;260;9;59.66666793823242;7.666666507720947;2;1
13065;261;10.66666698455811;60;6;2;1
13112;262;7.666666507720947;58.66666793823242;6.666666507720947;2;1
13164;263;7.833333492279053;58.83333206176758;7.166666507720947;2;1
13213;264;6.5;57.5;6.666666507720947;2;1
13260;265;7.666666507720947;58.66666793823242;7;2;1
13309;266;7.666666507720947;59.5;6.333333492279053;2;1
13360;267;9.666666984558106;59.83333206176758;4.333333492279053;2;1
13401;268;8.333333015441895;59.66666793823242;6.5;2;1
13457;269;6.333333492279053;59.33333206176758;6;2;1
13495;270;7.833333492279053;59.33333206176758;7.166666507720947;2;1
13558;271;7.666666507720947;58.66666793823242;5.5;2;1
13598;272;9.5;59.33333206176758;6.5;2;1
13647;273;9.5;58.5;6.833333492279053;2;1
13696;274;7.833333492279053;58.16666793823242;6;2;1
13749;275;7.5;58.5;4.5;2;1
13795;276;8.833333015441895;59.83333206176758;7.333333492279053;2;1
13844;277;10.3333330154419;58.5;4.5;2;1
13899;278;10.66666698455811;58.5;5.666666507720947;2;1
13935;279;7.333333492279053;58.33333206176758;5.833333492279053;2;1
13994;280;8.166666984558106;57.83333206176758;7.333333492279053;2;1
14088;281;8.5;58.66666793823242;7.333333492279053;2;1
14092;282;8.5;58.66666793823242;7.333333492279053;2;1
14189;283;9;59.33333206176758;6;2;1
14193;284;9;59.33333206176758;6;2;1
14282;285;9;59.33333206176758;6;2;1
14331;286;8.166666984558106;58.33333206176758;6.666666507720947;2;1
14373;287;9.333333015441895;59.83333206176758;8.166666984558106;2;1
14431;288;8.166666984558106;59.83333206176758;7.333333492279053;2;1
14479;289;9;57.33333206176758;8;2;1
14526;290;8.5;58.66666793823242;7.333333492279053;2;1
14574;291;8.166666984558106;58.33333206176758;7;2;1
14626;292;8.333333015441895;57.33333206176758;6;2;1
14676;293;9;57.66666793823242;7.666666507720947;2;1
14721;294;7.833333492279053;58.5;7.666666507720947;2;1
14770;295;8.666666984558106;60.5;6.5;2;1
14815;296;7.666666507720947;60.66666793823242;6.333333492279053;2;1
14869;297;9;59.66666793823242;6.5;2;1
14918;298;9.333333015441895;57.5;7.333333492279053;2;1
14964;299;8.333333015441895;60;7.166666507720947;2;1
136;0;1.005615234375;-0.0498046875;-0.186279296875;0;2
157;1;1.005615234375;-0.0498046875;-0.186279296875;0;2
189;2;1.005615234375;-0.045654296875;-0.186767578125;0;2
215;3;1.00439453125;-0.045654296875;-0.25390625;0;2
264;4;1.0029296875;-0.04443359375;-0.250732421875;0;2
315;5;1.002685546875;-0.044677734375;-0.254150390625;0;2
361;6;1.003173828125;-0.044189453125;-0.253173828125;0;2
417;7;1.00146484375;-0.045654296875;-0.251708984375;0;2
458;8;1.005126953125;-0.043212890625;-0.185302734375;0;2
516;9;1.003173828125;-0.043701171875;-0.25341796875;0;2
558;10;1.004150390625;-0.0458984375;-0.251953125;0;2
608;11;1.004638671875;-0.04296875;-0.2548828125;0;2
654;12;1.00390625;-0.046142578125;-0.25390625;0;2
704;13;1.001708984375;-0.04345703125;-0.255126953125;0;2
750;14;0.935546875;-0.04248046875;-0.257568359375;0;2
799;15;0.93505859375;-0.0439453125;-0.251220703125;0;2
850;16;1.006591796875;-0.045166015625;-0.25439453125;0;2
897;17;0.937255859375;-0.044677734375;-0.26025390625;0;2
947;18;1.001953125;-0.043212890625;-0.25;0;2
995;19;1.00830078125;-0.0439453125;-0.185546875;0;2
1044;20;0.937255859375;-0.04638671875;-0.260009765625;0;2
1105;21;1.000732421875;-0.0478515625;-0.25146484375;0;2
1142;22;1.001708984375;-0.043701171875;-0.25390625;0;2
1191;23;1.00048828125;-0.042236328125;-0.257568359375;0;2
1239;24;1.001220703125;-0.044677734375;-0.257080078125;0;2
1289;25;0.935791015625;-0.048828125;-0.260498046875;0;2
1336;26;0.933837890625;-0.04931640625;-0.2529296875;0;2
1385;27;1.001953125;-0.04296875;-0.2587890625;0;2
1434;28;1.0009765625;-0.045166015625;-0.2587890625;0;2
1482;29;1.005615234375;-0.04443359375;-0.253662109375;0;2
1531;30;1.0009765625;-0.04736328125;-0.187255859375;0;2
1579;31;0.932373046875;-0.046875;-0.251220703125;0;2
1629;32;1.000244140625;-0.05029296875;-0.257080078125;0;2
1680;33;1.004150390625;-0.04296875;-0.25244140625;0;2
1728;34;0.931640625;-0.047607421875;-0.265625;0;2
1775;35;1.00244140625;-0.04541015625;-0.250244140625;0;2
1827;36;1.005615234375;-0.045166015625;-0.186279296875;0;2
1873;37;1.003173828125;-0.043212890625;-0.25634765625;0;2
1921;38;1.003173828125;-0.05029296875;-0.255859375;0;2
1971;39;1.002685546875;-0.04248046875;-0.2607421875;0;2
2018;40;1.000732421875;-0.042724609375;-0.258056640625;0;2
2129;41;1.002685546875;-0.040283203125;-0.260498046875;0;2
2165;42;1.005859375;-0.043212890625;-0.253662109375;0;2
2216;43;1.005859375;-0.049560546875;-0.254150390625;0;2
2262;44;1.0029296875;-0.046142578125;-0.2529296875;0;2
2312;45;0.9375;-0.04443359375;-0.2587890625;0;2
2359;46;1.004638671875;-0.041015625;-0.256103515625;0;2
2409;47;1.00341796875;-0.041015625;-0.250732421875;0;2
2457;48;1.000244140625;-0.04150390625;-0.2548828125;0;2
2507;49;0.932861328125;-0.04443359375;-0.2568359375;0;2
2555;50;1.000732421875;-0.0390625;-0.255126953125;0;2
2603;51;1.00341796875;-0.040283203125;-0.255126953125;0;2
2652;52;1.001708984375;-0.0400390625;-0.25390625;0;2
2701;53;1.001953125;-0.0419921875;-0.25634765625;0;2
2756;54;0.937255859375;-0.03759765625;-0.261962890625;0;2
2799;55;0.936279296875;-0.042724609375;-0.25341796875;0;2
2848;56;0.936279296875;-0.031982421875;-0.262939453125;0;2
2896;57;0.93701171875;-0.04296875;-0.26025390625;0;2
2945;58;1.001220703125;-0.032470703125;-0.259033203125;0;2
2999;59;1.001220703125;-0.0927734375;-0.25244140625;0;2
3046;60;1.00830078125;-0.0888671875;-0.25732421875;0;2
3093;61;0.936767578125;-0.0390625;-0.267333984375;0;2
3140;62;0.9375;-0.03466796875;-0.2587890625;0;2
3189;63;0.934814453125;-0.093017578125;-0.25732421875;0;2
3237;64;0.9365234375;-0.09033203125;-0.266845703125;0;2
3286;65;1.001708984375;-0.08251953125;-0.270751953125;0;2
3334;66;1.00341796875;-0.080810546875;-0.271728515625;0;2
3383;67;0.9375;-0.076416015625;-0.263916015625;0;2
3432;68;0.9306640625;-0.07763671875;-0.27294921875;0;2
3481;69;0.932373046875;-0.0712890625;-0.266845703125;0;2
3532;70;0.928466796875;-0.072509765625;-0.27783203125;0;2
3579;71;0.928466796875;-0.0693359375;-0.229736328125;0;2
3628;72;0.921630859375;-0.082763671875;-0.24951171875;0;2
3677;73;0.929931640625;-0.047607421875;-0.33642578125;0;2
3725;74;0.962890625;-0.137451171875;-0.375732421875;0;2
3778;75;0.94384765625;-0.10888671875;-0.3486328125;0;2
3822;76;0.8994140625;-0.218505859375;-0.464111328125;0;2
3871;77;0.783447265625;-0.11083984375;-0.396728515625;0;2
3922;78;0.951416015625;-0.15625;-0.33203125;0;2
3968;79;0.875;-0.15283203125;-0.220947265625;0;2
4068;80;0.64111328125;-0.06201171875;-0.33935546875;0;2
4115;81;0.809814453125;-0.1728515625;-0.468017578125;0;2
4165;82;0.4931640625;-0.0966796875;-0.293212890625;0;2
4212;83;0.741943359375;-0.1181640625;-0.325927734375;0;2
4263;84;0.47802734375;-0.0703125;-0.4541015625;0;2
4311;85;0.720947265625;-0.083251953125;-0.315185546875;0;2
4360;86;0.691162109375;-0.155517578125;-0.412109375;0;2
4407;87;0.693603515625;-0.059326171875;-0.407958984375;0;2
4458;88;0.758544921875;-0.10498046875;-0.699951171875;0;2
4506;89;0.560302734375;-0.14697265625;-0.614013671875;0;2
4555;90;0.67529296875;-0.0615234375;-0.73974609375;0;2
4604;91;0.5546875;-0.250732421875;-0.880615234375;0;2
4654;92;0.68359375;0.14794921875;-0.799072265625;0;2
4698;93;0.66845703125;-0.176025390625;-0.940185546875;0;2
4748;94;0.6064453125;-0.00634765625;-1.018310546875;0;2
4797;95;0.830078125;-0.257568359375;-1.152587890625;0;2
4846;96;0.65966796875;-0.050048828125;-1.041015625;0;2
4896;97;0.788330078125;-0.10302734375;-1.081787109375;0;2
4944;98;0.677001953125;-0.106689453125;-0.91455078125;0;2
4994;99;0.713623046875;0.0078125;-0.790771484375;0;2
5042;100;0.5947265625;-0.1259765625;-0.68505859375;0;2
5091;101;0.60595703125;-0.050537109375;-0.59619140625;0;2
5139;102;0.532470703125;-0.0986328125;-0.552490234375;0;2
5189;103;0.557861328125;-0.13916015625;-0.60693359375;0;2
5235;104;0.615478515625;-0.152587890625;-0.706787109375;0;2
5285;105;0.71044921875;-0.14990234375;-0.76416015625;0;2
5333;106;0.704833984375;-0.106201171875;-0.723388671875;0;2
5383;107;0.666748046875;-0.09716796875;-0.766357421875;0;2
5431;108;0.65673828125;-0.152099609375;-0.665771484375;0;2
5480;109;0.701904296875;-0.154541015625;-0.691162109375;0;2
5529;110;0.7001953125;-0.144287109375;-0.615478515625;0;2
5577;111;0.68896484375;-0.14306640625;-0.693359375;0;2
5628;112;0.713134765625;-0.140869140625;-0.7138671875;0;2
5675;113;0.69970703125;-0.15283203125;-0.66357421875;0;2
5723;114;0.700927734375;-0.14697265625;-0.682861328125;0;2
5772;115;0.6953125;-0.146484375;-0.65673828125;0;2
5821;116;0.689453125;-0.153564453125;-0.716796875;0;2
5875;117;0.697509765625;-0.15234375;-0.69189453125;0;2
5922;118;0.6982421875;-0.1533203125;-0.707763671875;0;2
6023;119;0.70068359375;-0.156005859375;-0.712158203125;0;2
6066;120;0.68896484375;-0.1455078125;-0.7158203125;0;2
6118;121;0.6962890625;-0.106689453125;-0.672607421875;0;2
6162;122;0.699951171875;-0.15185546875;-0.66015625;0;2
6213;123;0.693115234375;-0.14892578125;-0.70751953125;0;2
6263;124;0.69775390625;-0.1416015625;-0.693359375;0;2
6317;125;0.69091796875;-0.15283203125;-0.656494140625;0;2
6358;126;0.687744140625;-0.1513671875;-0.673583984375;0;2
6411;127;0.622802734375;-0.09765625;-0.684326171875;0;2
6456;128;0.60546875;-0.094970703125;-0.68310546875;0;2
6505;129;0.614990234375;-0.14404296875;-0.761962890625;0;2
6553;130;0.64794921875;-0.101806640625;-0.780517578125;0;2
6601;131;0.57177734375;-0.093994140625;-0.678955078125;0;2
6658;132;0.547607421875;-0.154052734375;-0.701171875;0;2
6700;133;0.6494140625;-0.056884765625;-0.69091796875;0;2
6747;134;0.60302734375;-0.13720703125;-0.6689453125;0;2
6804;135;0.60205078125;-0.13232421875;-0.7724609375;0;2
6846;136;0.64453125;-0.135498046875;-0.724609375;0;2
6893;137;0.6513671875;-0.126953125;-0.76953125;0;2
6942;138;0.62353515625;-0.14111328125;-0.677490234375;0;2
6999;139;0.649169921875;-0.13037109375;-0.74951171875;0;2
7042;140;0.644775390625;-0.094970703125;-0.66259765625;0;2
7089;141;0.650634765625;-0.155029296875;-0.738037109375;0;2
7137;142;0.70751953125;-0.096923828125;-0.85791015625;0;2
7186;143;0.8544921875;-0.253662109375;-1.394775390625;0;2
7235;144;0.837646484375;-0.055419921875;-1.41259765625;0;2
7284;145;0.56689453125;-0.197509765625;-0.870361328125;0;2
7332;146;0.620849609375;-0.100830078125;-0.759765625;0;2
7381;147;0.83056640625;-0.05712890625;-0.6298828125;0;2
7442;148;0.624267578125;-0.141357421875;-0.773681640625;0;2
7479;149;0.66650390625;-0.05224609375;-0.762451171875;0;2
7527;150;0.727294921875;-0.13037109375;-0.836669921875;0;2
7577;151;0.899169921875;-0.094970703125;-0.774658203125;0;2
7627;152;0.719970703125;-0.048095703125;-0.630615234375;0;2
7674;153;0.813232421875;-0.119384765625;-0.468994140625;0;2
7723;154;0.75439453125;-0.1240234375;-0.310791015625;0;2
7781;155;0.658203125;-0.135986328125;-0.273193359375;0;2
7821;156;0.57177734375;-0.068359375;-0.11279296875;0;2
7874;157;0.60400390625;-0.071533203125;-0.120849609375;0;2
7979;158;0.548095703125;0.008544921875;-0.234375;0;2
8015;159;0.8857421875;0.064697265625;-0.330322265625;0;2
8071;160;0.60791015625;0.0654296875;-0.465087890625;0;2
8113;161;0.695556640625;0.08447265625;-0.300048828125;0;2
8166;162;1.2177734375;-0.09033203125;-0.511962890625;0;2
8211;163;0.966064453125;-0.03515625;-0.345703125;0;2
8259;164;0.864013671875;-0.015625;-0.27587890625;0;2
8307;165;0.881103515625;0.14111328125;-0.1708984375;0;2
8358;166;0.92578125;0.0869140625;-0.163818359375;0;2
8407;167;1.01953125;-0.076416015625;-0.319091796875;0;2
8456;168;0.92578125;-0.0224609375;-0.31884765625;0;2
8503;169;0.93701171875;-0.0693359375;-0.267822265625;0;2
8552;170;0.9287109375;-0.133544921875;-0.299560546875;0;2
8600;171;0.935546875;-0.193359375;-0.241943359375;0;2
8654;172;1.0087890625;-0.177490234375;-0.22900390625;0;2
8700;173;0.9482421875;-0.26123046875;-0.208251953125;0;2
8747;174;1.066162109375;-0.25244140625;-0.10302734375;0;2
8805;175;1.0712890625;-0.093994140625;-0.19189453125;0;2
8845;176;1.017333984375;-0.10546875;-0.12060546875;0;2
8899;177;0.91552734375;-0.198486328125;-0.208740234375;0;2
8942;178;0.943115234375;-0.226318359375;-0.188232421875;0;2
8991;179;0.944091796875;-0.301513671875;-0.211181640625;0;2
9039;180;0.97509765625;-0.3203125;-0.2529296875;0;2
9092;181;0.91455078125;-0.19482421875;-0.227294921875;0;2
9140;182;1.03271484375;-0.058837890625;-0.229736328125;0;2
9187;183;1.006103515625;-0.075927734375;-0.246826171875;0;2
9241;184;0.874755859375;-0.0791015625;-0.179931640625;0;2
9284;185;0.920654296875;-0.035888671875;-0.171875;0;2
9339;186;1.017822265625;-0.047607421875;-0.265380859375;0;2
9381;187;0.934326171875;-0.04638671875;-0.220947265625;0;2
9432;188;1.01611328125;-0.032470703125;-0.278564453125;0;2
9479;189;1.0078125;-0.078125;-0.15625;0;2
9533;190;1.020751953125;-0.0927734375;-0.188720703125;0;2
9575;191;1.007568359375;-0.0546875;-0.2158203125;0;2
9627;192;1.006103515625;-0.135498046875;-0.172607421875;0;2
9674;193;1.014892578125;-0.15283203125;-0.1787109375;0;2
9723;194;1.012939453125;-0.143798828125;-0.165283203125;0;2
9771;195;1.010009765625;-0.126708984375;-0.2080078125;0;2
9826;196;1.006103515625;-0.05517578125;-0.21826171875;0;2
9926;197;1.017333984375;-0.041015625;-0.170166015625;0;2
9966;198;0.93505859375;-0.06005859375;-0.1826171875;0;2
10018;199;1.0029296875;-0.138916015625;-0.178466796875;0;2
10062;200;1.00048828125;-0.126708984375;-0.1640625;0;2
10116;201;1.01025390625;-0.052001953125;-0.165283203125;0;2
10161;202;1.010986328125;-0.0546875;-0.166015625;0;2
10210;203;1.007080078125;-0.049560546875;-0.1767578125;0;2
10261;204;1.01513671875;-0.044189453125;-0.1630859375;0;2
10314;205;1.007080078125;-0.046142578125;-0.157958984375;0;2
10357;206;1.00439453125;-0.045166015625;-0.17333984375;0;2
10407;207;1.014404296875;-0.0615234375;-0.161376953125;0;2
10454;208;1.009521484375;-0.132080078125;-0.172607421875;0;2
10502;209;1.01611328125;-0.1396484375;-0.16552734375;0;2
10555;210;1.005859375;-0.138671875;-0.16162109375;0;2
10600;211;1.007080078125;-0.13671875;-0.207763671875;0;2
10648;212;1.006591796875;-0.134765625;-0.158935546875;0;2
10695;213;1.00732421875;-0.1328125;-0.1630859375;0;2
10745;214;1.010986328125;-0.1279296875;-0.156494140625;0;2
10798;215;1.014892578125;-0.059326171875;-0.160888671875;0;2
10846;216;1.007080078125;-0.059326171875;-0.1630859375;0;2
10892;217;1.010986328125;-0.06005859375;-0.157470703125;0;2
10940;218;1.008056640625;-0.12548828125;-0.170166015625;0;2
10988;219;1.007568359375;-0.061279296875;-0.215576171875;0;2
11039;220;1.01513671875;-0.050537109375;-0.16552734375;0;2
11087;221;1.0048828125;-0.060546875;-0.1689453125;0;2
11135;222;1.008544921875;-0.12548828125;-0.177978515625;0;2
11186;223;1.009033203125;-0.060302734375;-0.175537109375;0;2
11232;224;1.009521484375;-0.129150390625;-0.1611328125;0;2
11282;225;1.003173828125;-0.130859375;-0.169677734375;0;2
11335;226;1.005615234375;-0.13037109375;-0.177490234375;0;2
11379;227;1.007080078125;-0.136474609375;-0.1572265625;0;2
11428;228;1.00634765625;-0.12890625;-0.164794921875;0;2
11478;229;1.0146484375;-0.1279296875;-0.168701171875;0;2
11525;230;1.00830078125;-0.127197265625;-0.16748046875;0;2
11575;231;1.008056640625;-0.057373046875;-0.166748046875;0;2
11622;232;1.00830078125;-0.129150390625;-0.17041015625;0;2
11671;233;1.009033203125;-0.056640625;-0.172119140625;0;2
11719;234;1.0126953125;-0.05615234375;-0.16357421875;0;2
11771;235;1.00927734375;-0.055419921875;-0.168701171875;0;2
11817;236;1.009033203125;-0.0595703125;-0.175048828125;0;2
11916;237;1.01123046875;-0.06103515625;-0.16650390625;0;2
11975;238;1.00341796875;-0.06103515625;-0.16650390625;0;2
12014;239;1.007568359375;-0.062255859375;-0.17041015625;0;2
12064;240;1.00927734375;-0.0615234375;-0.17724609375;0;2
12113;241;1.010009765625;-0.060791015625;-0.1669921875;0;2
12159;242;1.008544921875;-0.058837890625;-0.17529296875;0;2
12212;243;1.011474609375;-0.126220703125;-0.16845703125;0;2
12258;244;1.003173828125;-0.060546875;-0.169921875;0;2
12307;245;1.00732421875;-0.125244140625;-0.173583984375;0;2
12354;246;1.005126953125;-0.130126953125;-0.160400390625;0;2
12403;247;1.00732421875;-0.126220703125;-0.17138671875;0;2
12453;248;1.012451171875;-0.05810546875;-0.16064453125;0;2
12500;249;1.00390625;-0.1259765625;-0.161865234375;0;2
12592;250;1.00927734375;-0.06103515625;-0.165283203125;0;2
12626;251;1.010009765625;-0.126708984375;-0.1669921875;0;2
12666;252;1.010498046875;-0.12646484375;-0.166259765625;0;2
12712;253;1.012451171875;-0.059326171875;-0.16015625;0;2
12755;254;1.0087890625;-0.125244140625;-0.16455078125;0;2
12814;255;1.010009765625;-0.05859375;-0.169921875;0;2
12860;256;1.006103515625;-0.0595703125;-0.1630859375;0;2
12905;257;1.010498046875;-0.060546875;-0.16455078125;0;2
12946;258;1.008056640625;-0.0615234375;-0.1689453125;0;2
13007;259;1.010986328125;-0.060791015625;-0.162841796875;0;2
13053;260;1.00439453125;-0.127197265625;-0.171630859375;0;2
13102;261;1.009765625;-0.062255859375;-0.167236328125;0;2
13142;262;1.0087890625;-0.05419921875;-0.163818359375;0;2
13203;263;1.008056640625;-0.061279296875;-0.164306640625;0;2
13238;264;1.016357421875;-0.060302734375;-0.169677734375;0;2
13299;265;1.009521484375;-0.126953125;-0.16259765625;0;2
13349;266;1.00634765625;-0.125732421875;-0.168212890625;0;2
13395;267;1.0107421875;-0.12646484375;-0.170166015625;0;2
13444;268;1.00732421875;-0.05810546875;-0.1640625;0;2
13490;269;1.009521484375;-0.0615234375;-0.16650390625;0;2
13532;270;1.00537109375;-0.126953125;-0.1708984375;0;2
13580;271;1.006591796875;-0.061279296875;-0.164306640625;0;2
13637;272;1.01123046875;-0.060546875;-0.165771484375;0;2
13687;273;1.0087890625;-0.127197265625;-0.169677734375;0;2
13732;274;1.01123046875;-0.0595703125;-0.168212890625;0;2
13778;275;1.005859375;-0.12841796875;-0.173095703125;0;2
13889;276;1.0029296875;-0.059814453125;-0.166259765625;0;2
13926;277;1.01220703125;-0.056884765625;-0.1689453125;0;2
13975;278;1.011474609375;-0.060791015625;-0.170166015625;0;2
14016;279;1.008056640625;-0.060791015625;-0.162109375;0;2
14067;280;1.01171875;-0.0595703125;-0.16162109375;0;2
14126;281;1.0068359375;-0.06005859375;-0.165771484375;0;2
14167;282;1.00732421875;-0.05810546875;-0.1630859375;0;2
14213;283;1.009765625;-0.05859375;-0.169921875;0;2
14272;284;1.01123046875;-0.125244140625;-0.162353515625;0;2
14322;285;1.00830078125;-0.0615234375;-0.165771484375;0;2
14409;286;1.008544921875;-0.12646484375;-0.168212890625;0;2
14414;287;1.008544921875;-0.12646484375;-0.168212890625;0;2
14469;288;1.00732421875;-0.056396484375;-0.168701171875;0;2
14515;289;1.01171875;-0.055908203125;-0.158447265625;0;2
14564;290;1.005859375;-0.060302734375;-0.162841796875;0;2
14605;291;1.0107421875;-0.057373046875;-0.161865234375;0;2
14665;292;1.0107421875;-0.059326171875;-0.16259765625;0;2
14710;293;1.011962890625;-0.126953125;-0.1640625;0;2
14761;294;1.005615234375;-0.059326171875;-0.1630859375;0;2
14806;295;1.0107421875;-0.059326171875;-0.16650390625;0;2
14847;296;1.012451171875;-0.0615234375;-0.1640625;0;2
14907;297;1.010498046875;-0.057861328125;-0.1640625;0;2
14953;298;1.010009765625;-0.1259765625;-0.160888671875;0;2
15002;299;1.00537109375;-0.059326171875;-0.166259765625;0;2
138;1;-1.015625;-0.421875;0.6953125;1;2
158;2;-1.015625;-0.421875;0.6953125;1;2
190;3;-2.4765625;-0.28125;0.4921875;1;2
215;4;-2.65625;-0.6875;0.828125;1;2
265;5;-1.046875;-0.859375;0.6640625;1;2
316;6;-2.65625;-0.890625;0.71875;1;2
363;7;-1.0390625;0.9921875;0.71875;1;2
419;8;-2.9765625;-0.671875;0.546875;1;2
459;9;-2.9140625;-0.9609375;0.8046875;1;2
517;10;-1.390625;-0.8828125;0.6015625;1;2
560;11;-1.125;0.8359375;0.7109375;1;2
609;12;-2.875;0.671875;0.6796875;1;2
676;13;-2.8125;0.5546875;0.7265625;1;2
705;14;-2.9765625;0.6796875;0.40625;1;2
752;15;-2.859375;-0.890625;0.5390625;1;2
800;16;-2.65625;0.7890625;0.6015625;1;2
852;17;-2.6953125;-0.578125;0.6015625;1;2
898;18;-2.875;-0.859375;-0.703125;1;2
948;19;-2.3203125;-0.6640625;0.8125;1;2
996;20;-2.3125;-0.9765625;0.75;1;2
1045;21;-2.7890625;-0.90625;0.0859375;1;2
1107;22;-2.671875;-0.6796875;0.53125;1;2
1144;23;-1.5546875;0.96875;0.78125;1;2
1193;24;-1.09375;0.90625;0.6640625;1;2
1240;25;-1.28125;0.9296875;0.8984375;1;2
1291;26;-1.140625;-0.9375;0.4140625;1;2
1337;27;-1.125;-0.8359375;0.75;1;2
1386;28;-1.0859375;0.953125;0.25;1;2
1435;29;-2.7890625;0.65625;0.546875;1;2
1483;30;-2.8828125;0.5546875;0.640625;1;2
1532;31;-2.8359375;0.984375;0.484375;1;2
1580;32;-2.9296875;-0.90625;0.859375;1;2
1630;33;-2.796875;-0.984375;0.5859375;1;2
1681;34;-2.8203125;-0.734375;0.5703125;1;2
1730;35;-2.75;0.953125;0.5703125;1;2
1776;36;-2.59375;-0.578125;0.796875;1;2
1829;37;-2.921875;-0.46875;0.3125;1;2
1875;38;-2.796875;-0.3203125;0.5703125;1;2
1922;39;-2.921875;2.046875;0.3671875;1;2
1972;40;-1.2265625;-0.5703125;0.6171875;1;2
2019;41;-2.9921875;-0.640625;0.7578125;1;2
2130;42;-2.9453125;-0.8515625;0.65625;1;2
2165;43;-2.7890625;-0.578125;0.734375;1;2
2217;44;-2.8359375;-0.8046875;0.5546875;1;2
2263;45;-2.6875;-0.4765625;0.4453125;1;2
2314;46;-1.0703125;0.9609375;0.5078125;1;2
2360;47;-2.359375;-0.796875;0.5546875;1;2
2410;48;-2.28125;-0.8203125;0.734375;1;2
2458;49;-2.3984375;-0.8046875;0.7578125;1;2
2509;50;-2.1484375;0.7265625;0.546875;1;2
2556;51;0.3515625;-0.8125;0.5;1;2
2604;52;-2.3203125;0.375;0.3046875;1;2
2653;53;0.4296875;0.671875;0.578125;1;2
2702;54;0.3125;0.3828125;0.5703125;1;2
2758;55;0.71875;0.578125;0.671875;1;2
2800;56;0.6875;0.125;-1;1;2
2849;57;0.6796875;0.1875;0.578125;1;2
2897;58;0.8828125;-2.78125;0.7734375;1;2
2946;59;-0.4453125;-2.7890625;0.9375;1;2
3000;60;-0.5703125;-1.2265625;0.515625;1;2
3048;61;-0.28125;-1.171875;0.609375;1;2
3094;62;0.9453125;-3;-0.96875;1;2
3141;63;0.3125;0.171875;0.7421875;1;2
3190;64;0.671875;0.5;0.9453125;1;2
3238;65;0.1875;0.2578125;0.671875;1;2
3287;66;-2.3359375;0.5625;0.484375;1;2
3335;67;-2.8828125;0.6015625;0.3359375;1;2
3384;68;-1.9453125;0.109375;0.8203125;1;2
3433;69;-1.9609375;-2.78125;-0.765625;1;2
3482;70;-1.640625;-2.25;-0.78125;1;2
3533;71;-4.515625;-2.2265625;-0.109375;1;2
3580;72;-1.734375;-4.140625;-0.4296875;1;2
3628;73;-4.171875;-3.75;-0.4453125;1;2
3678;74;-7.265625;-6.8984375;0.1328125;1;2
3726;75;-14.5546875;-6.5859375;-2.421875;1;2
3780;76;-17.40625;-9.6640625;0.9765625;1;2
3823;77;-26.765625;-14.421875;2.5859375;1;2
3873;78;-19.8828125;-18.9140625;4.6875;1;2
3924;79;-14.3359375;-34.4140625;-7.234375;1;2
3970;80;10.4296875;-15.90625;-17.015625;1;2
4069;81;22.2734375;-52.53125;-17.203125;1;2
4116;82;21.2578125;-75.2734375;-23.4765625;1;2
4166;83;34.6640625;-61.0546875;-13.4296875;1;2
4213;84;15.6328125;-92.53125;-16.5390625;1;2
4265;85;37.8515625;-92.421875;-15.0078125;1;2
4312;86;12.3125;-96.1796875;-14.328125;1;2
4361;87;18.5625;-63.5625;-26.9453125;1;2
4408;88;0.171875;-40.0390625;-11.859375;1;2
4459;89;-1.953125;-36.2421875;-11.0546875;1;2
4508;90;-4.5703125;-24.265625;-11.8359375;1;2
4556;91;-10.5234375;-12.609375;-7.5390625;1;2
4605;92;1.8671875;-8.1015625;4.8828125;1;2
4655;93;7.46875;-24.0625;10.6953125;1;2
4699;94;23.53125;-12.5;-16.796875;1;2
4749;95;-26.921875;14.640625;8.7421875;1;2
4798;96;4.2734375;15.9140625;-2.9765625;1;2
4847;97;-10.6796875;27.9140625;15.7421875;1;2
4897;98;-9.4375;26.8828125;12.8515625;1;2
4945;99;-19.2265625;32.390625;24.09375;1;2
4996;100;-17.2578125;14.125;21.859375;1;2
5043;101;-7.9453125;3.9140625;15.203125;1;2
5092;102;-1.984375;6.640625;12.9609375;1;2
5140;103;-10.6484375;5.1328125;7.5859375;1;2
5190;104;-9.453125;1.6484375;3.7421875;1;2
5236;105;-8.796875;8.21875;4.4453125;1;2
5286;106;-1.3828125;7.96875;2.6171875;1;2
5334;107;-3.25;8.7578125;-2.3125;1;2
5385;108;-3.4140625;1.6171875;-4.7890625;1;2
5432;109;-0.234375;-0.1484375;-3.4140625;1;2
5481;110;-0.125;-0.9375;-4.671875;1;2
5531;111;-0.5625;2.34375;-3.3203125;1;2
5578;112;2.8984375;2.546875;-3.9375;1;2
5630;113;-0.6328125;2.765625;-6.734375;1;2
5676;114;-2.0859375;1.0390625;-3.03125;1;2
5724;115;-2.5;-0.375;-4.8828125;1;2
5773;116;-2.453125;-2.953125;-4.1640625;1;2
5821;117;-2.34375;0.25;-1.1953125;1;2
5877;118;-2.109375;-2.5703125;-1.109375;1;2
5923;119;0.0546875;-0.2265625;-2.7421875;1;2
6024;120;-2.265625;0.875;-2.8359375;1;2
6067;121;0.1640625;-1.453125;-1.875;1;2
6119;122;2.2265625;-4.8359375;-1.5234375;1;2
6163;123;-1.125;-3.453125;0.6328125;1;2
6215;124;-3.6328125;-3.1953125;-0.078125;1;2
6265;125;-1.8671875;-3.4921875;2.1328125;1;2
6320;126;-2.9921875;-4.515625;0.0390625;1;2
6360;127;0.1953125;-4.640625;-2.8828125;1;2
6413;128;2.046875;-4.953125;-1.5390625;1;2
6457;129;2.0703125;-8.0390625;-1.0390625;1;2
6507;130;2.2734375;-7.3203125;-2.2734375;1;2
6554;131;3.0859375;-3.7890625;-2.671875;1;2
6603;132;3.3515625;-8.0859375;-3.953125;1;2
6659;133;1.640625;-5.59375;-8.640625;1;2
6701;134;1.78125;-0.5;-5.15625;1;2
6747;135;1.1796875;3.5625;-1.0234375;1;2
6807;136;-4.3125;5.609375;-0.0546875;1;2
6847;137;-3.65625;4.0546875;-0.78125;1;2
6895;138;-5.25;-1.984375;-2.765625;1;2
6943;139;-8.2109375;-8.6796875;-1.5859375;1;2
7001;140;0.9296875;-2.2421875;-1.90625;1;2
7043;141;2.59375;-0.6171875;-3.8359375;1;2
7090;142;-2.34375;-3.0078125;-4.765625;1;2
7138;143;-0.265625;-15.7890625;-8.359375;1;2
7187;144;6.5078125;-10.203125;-2.0546875;1;2
7236;145;9.390625;-0.671875;4.1953125;1;2
7285;146;18.703125;-20.59375;-4.046875;1;2
7334;147;1.296875;-27.8203125;3.0234375;1;2
7382;148;-3.8984375;-4.0546875;6.5078125;1;2
7445;149;-8.84375;25.78125;12.0703125;1;2
7480;150;-1.6875;30.8515625;7.34375;1;2
7528;151;-0.796875;33.8828125;3.625;1;2
7579;152;-7.0859375;53.1015625;1.9375;1;2
7628;153;-4.9375;75.4921875;2.59375;1;2
7675;154;-1.9296875;82.21875;4.09375;1;2
7723;155;-13.9765625;97.578125;4.125;1;2
7784;156;-15.3515625;98.421875;4.828125;1;2
7822;157;0.9296875;76.9296875;-0.7109375;1;2
7877;158;12.96875;47.03125;-0.2734375;1;2
7981;159;30.78125;30.6015625;-4.875;1;2
8017;160;41.921875;43.5546875;4.5078125;1;2
8072;161;52.0234375;35.4453125;3.59375;1;2
8115;162;41.5390625;10.0546875;8.078125;1;2
8168;163;2.625;17.6328125;-3.2421875;1;2
8212;164;-9.578125;45.7890625;-4.375;1;2
8260;165;-34.265625;21.59375;-3.46875;1;2
8308;166;-35.6328125;9.8125;-2.0234375;1;2
8359;167;-42.484375;3.1015625;-12.3515625;1;2
8408;168;-46.328125;4.125;-6;1;2
8457;169;-21.3828125;-6.125;-6.03125;1;2
8505;170;-21.2265625;-10.6953125;-12.5625;1;2
8553;171;-7.25;-10.6171875;-4.9921875;1;2
8602;172;-11.484375;-24.1171875;-7.734375;1;2
8656;173;-15.421875;-12.328125;-2.328125;1;2
8702;174;-37.5390625;-15.546875;0.9375;1;2
8748;175;-55.984375;-13.703125;2.2578125;1;2
8807;176;-42.2421875;-9.2578125;-3.265625;1;2
8846;177;-19.3984375;-0.8046875;-4.1796875;1;2
8902;178;1.03125;1.9765625;-2.2890625;1;2
8943;179;3.1328125;12.3828125;7.203125;1;2
8993;180;-6.9296875;12.453125;18.2578125;1;2
9040;181;-21.484375;7.1796875;21.515625;1;2
9095;182;-26.84375;9.6328125;22.7578125;1;2
9142;183;-12.6875;-1.515625;16.125;1;2
9188;184;-1.71875;14.4296875;-0.2578125;1;2
9243;185;6.796875;9.015625;-0.859375;1;2
9286;186;14.609375;6.1171875;-4.2421875;1;2
9341;187;13.6796875;9.1953125;-1.6171875;1;2
9382;188;9.7421875;4.2890625;-4.5546875;1;2
9434;189;7.234375;0.1328125;-3.78125;1;2
9480;190;11.6640625;-0.5234375;-3.375;1;2
9537;191;18.6171875;-0.25;-4.515625;1;2
9576;192;20.15625;2.578125;-3.625;1;2
9629;193;14.015625;4.6328125;-4.3046875;1;2
9675;194;6.0546875;-0.8828125;-1.734375;1;2
9725;195;-1.734375;-0.359375;0.0625;1;2
9772;196;-7.25;4.375;2.0078125;1;2
9828;197;-14.171875;4.125;1.8515625;1;2
9927;198;-11.84375;-0.671875;4.0546875;1;2
9967;199;-15.15625;-0.8828125;3.2734375;1;2
10019;200;-17.046875;-4.40625;4.6953125;1;2
10063;201;-20.2421875;-3.015625;4.390625;1;2
10118;202;-15.6875;-4.1953125;1.578125;1;2
10162;203;-14.1640625;-4.1640625;2.2109375;1;2
10212;204;-12.2265625;-2.671875;2.140625;1;2
10262;205;-5.703125;-2.6640625;-0.7734375;1;2
10316;206;-1.421875;-0.6328125;0.8359375;1;2
10359;207;1.3828125;2.046875;0.265625;1;2
10409;208;3.421875;2.453125;-2.171875;1;2
10455;209;6.265625;1.453125;-2.375;1;2
10503;210;1.6640625;1.6640625;0.203125;1;2
10557;211;-0.34375;2.7890625;0.515625;1;2
10601;212;0.3359375;-0.4140625;0.9609375;1;2
10650;213;-1.703125;2.15625;-0.6875;1;2
10696;214;-3.125;0.953125;-0.5078125;1;2
10746;215;-6.4375;0.4921875;-0.203125;1;2
10800;216;-3.46875;-0.875;-0.46875;1;2
10848;217;-4.0390625;0.65625;0.96875;1;2
10894;218;-2.3359375;-2.0390625;0.578125;1;2
10941;219;0.15625;-2.328125;-0.859375;1;2
10989;220;0.3203125;-2.03125;0.65625;1;2
11041;221;-0.3828125;0.359375;0.296875;1;2
11088;222;2.71875;-0.6328125;0.1015625;1;2
11136;223;2.1484375;0.4609375;0.078125;1;2
11187;224;1.140625;-0.84375;-2.0625;1;2
11233;225;2.6328125;2.25;-2.0859375;1;2
11284;226;-0.1015625;-0.6796875;0.203125;1;2
11337;227;0.8828125;0.5859375;0.1640625;1;2
11381;228;-2.8828125;-0.9453125;0.625;1;2
11429;229;-1.3046875;0.7578125;0.8125;1;2
11480;230;-4.8046875;0.9296875;-0.859375;1;2
11526;231;-3.265625;0.7734375;-0.8046875;1;2
11576;232;-3.484375;0.8203125;-0.625;1;2
11622;233;-6.203125;0.5234375;-0.765625;1;2
11672;234;-6.4609375;-0.875;0.9765625;1;2
11721;235;-3.1875;0.796875;0.8828125;1;2
11773;236;-4.671875;0.7734375;0.78125;1;2
11818;237;-1.9375;0.9140625;0.84375;1;2
11917;238;-1.203125;-0.1875;0.390625;1;2
11977;239;-1.2421875;2.2421875;0.8125;1;2
12015;240;-1.71875;-0.140625;0.78125;1;2
12066;241;-2.6953125;-0.6796875;0.5546875;1;2
12115;242;-2.4140625;-0.4453125;0.4140625;1;2
12161;243;0.2890625;-0.546875;-2.0234375;1;2
12214;244;0.9375;2.046875;0.5625;1;2
12259;245;-0.7578125;-0.2109375;0.328125;1;2
12308;246;0.28125;-0.484375;0.4140625;1;2
12356;247;-2.3203125;-0.6484375;0.53125;1;2
12404;248;-2.8828125;-0.3984375;0.5234375;1;2
12454;249;-2.1328125;-0.59375;0.3984375;1;2
12501;250;0.0703125;-0.515625;0.1953125;1;2
12593;251;-2.5703125;-0.9375;0.453125;1;2
12627;252;-2.890625;-0.6484375;0.90625;1;2
12666;253;-4.015625;-0.8203125;0.7265625;1;2
12712;254;-1.9765625;0.9609375;0.890625;1;2
12756;255;-1.5703125;0.9921875;-0.9609375;1;2
12815;256;-1.5625;-0.9921875;0.703125;1;2
12861;257;-1.46875;-0.875;0.8828125;1;2
12906;258;-1.140625;0.8671875;0.6484375;1;2
12948;259;-2.8671875;-0.640625;0.6640625;1;2
13008;260;-2.8671875;0.9296875;0.5859375;1;2
13054;261;-1.21875;0.3671875;-0.828125;1;2
13103;262;-1.859375;-0.890625;-0.9609375;1;2
13143;263;-1.28125;-0.8359375;0.9375;1;2
13204;264;-1.109375;-0.6640625;0.5625;1;2
13239;265;-1.421875;-0.7265625;0.71875;1;2
13300;266;-1.171875;0.7578125;0.7265625;1;2
13350;267;-4.28125;0.59375;0.9140625;1;2
13396;268;-4.078125;0.9453125;0.546875;1;2
13445;269;-4.3359375;0.4453125;-0.8515625;1;2
13490;270;-1.8359375;0.8203125;0.6796875;1;2
13533;271;-1.6796875;0;0.8984375;1;2
13581;272;-1.6484375;0.265625;0.8203125;1;2
13638;273;-1.5390625;0.5546875;0.640625;1;2
13688;274;-1.359375;0.828125;0.6953125;1;2
13733;275;-2.9140625;-0.7265625;0.6171875;1;2
13779;276;-1.578125;-0.7890625;0.65625;1;2
13890;277;-2.6484375;-0.828125;0.375;1;2
13927;278;-2.8046875;-0.625;0.6015625;1;2
13976;279;-2.71875;-0.5859375;0.15625;1;2
14017;280;-2.65625;2.2421875;0.546875;1;2
14068;281;-2.78125;-0.2421875;0.6015625;1;2
14127;282;-2.1875;-0.484375;0.6171875;1;2
14169;283;-2.34375;-0.6171875;0.65625;1;2
14213;284;0.0078125;-0.421875;0.578125;1;2
14273;285;-2.171875;-0.25;0.53125;1;2
14323;286;-2.1015625;-0.078125;0.4140625;1;2
14410;287;-2.25;0.8359375;0.5546875;1;2
14414;288;-2.25;0.8359375;0.5546875;1;2
14470;289;-2.484375;-0.4140625;0.921875;1;2
14516;290;0.0546875;-0.9375;0.5390625;1;2
14565;291;0.4765625;-0.4765625;0.625;1;2
14606;292;-2.5;-0.3671875;0.6796875;1;2
14666;293;0.078125;-0.515625;0.40625;1;2
14711;294;-2.5078125;0.828125;0.8515625;1;2
14762;295;-2.765625;-0.6953125;0.5859375;1;2
14807;296;-2.765625;-1;0.6953125;1;2
14848;297;-2.7734375;-0.7578125;0.6796875;1;2
14908;298;-1.1640625;0.953125;0.6953125;1;2
14954;299;-1.3359375;-0.5078125;0.5703125;1;2
15004;300;-1.2265625;-0.8828125;0.4296875;1;2
139;1;-67;-9.333333015441895;124.1666641235352;2;2
160;2;-67;-9.333333015441895;124.1666641235352;2;2
191;3;-65;-11.8333330154419;123;2;2
216;4;-65.66666412353516;-10.3333330154419;124.3333358764648;2;2
266;5;-65.33333587646484;-11.3333330154419;125.3333358764648;2;2
318;6;-64.16666412353516;-9.833333015441895;123.3333358764648;2;2
364;7;-65.66666412353516;-12.3333330154419;124;2;2
420;8;-66.83333587646484;-10;123.5;2;2
460;9;-64.66666412353516;-11.3333330154419;125.6666641235352;2;2
519;10;-65.66666412353516;-11.16666698455811;124.3333358764648;2;2
561;11;-65.33333587646484;-11.3333330154419;124.8333358764648;2;2
610;12;-66;-12.3333330154419;124.6666641235352;2;2
677;13;-66.33333587646484;-11.16666698455811;124;2;2
706;14;-65.83333587646484;-10.5;125.3333358764648;2;2
753;15;-67;-11;122.1666641235352;2;2
801;16;-65.66666412353516;-12.3333330154419;124;2;2
853;17;-65.16666412353516;-11.16666698455811;123.5;2;2
899;18;-64.5;-12;125.1666641235352;2;2
949;19;-66.33333587646484;-11.16666698455811;125.1666641235352;2;2
997;20;-64.5;-11.5;124.3333358764648;2;2
1046;21;-65.83333587646484;-11;122.6666641235352;2;2
1108;22;-65.16666412353516;-11.16666698455811;124.6666641235352;2;2
1145;23;-106.3333358764648;-11.16666698455811;122;2;2
1194;24;-65.33333587646484;-11.3333330154419;124.1666641235352;2;2
1241;25;-65.16666412353516;-12.3333330154419;125.5;2;2
1292;26;-65;-11.8333330154419;123.8333358764648;2;2
1338;27;-64.66666412353516;-13;123.8333358764648;2;2
1387;28;-66;-10.8333330154419;125.5;2;2
1436;29;-65.66666412353516;-10.3333330154419;124;2;2
1484;30;-65.16666412353516;-11.5;125.1666641235352;2;2
1533;31;-66.16666412353516;-11.8333330154419;124.8333358764648;2;2
1581;32;-64.66666412353516;-11.3333330154419;124.8333358764648;2;2
1632;33;-65.16666412353516;-10.3333330154419;122.8333358764648;2;2
1683;34;-106.1666641235352;-12.5;124.1666641235352;2;2
1732;35;-65;-9.333333015441895;124.1666641235352;2;2
1777;36;-66.66666412353516;-12.16666698455811;124.1666641235352;2;2
1830;37;-65.16666412353516;-12.8333330154419;125.1666641235352;2;2
1876;38;-65.16666412353516;-11.5;123.5;2;2
1923;39;-65.83333587646484;-11.3333330154419;125.3333358764648;2;2
1973;40;-65.66666412353516;-12.8333330154419;126.3333358764648;2;2
2020;41;-67.66666412353516;-9.5;127;2;2
2131;42;-65.33333587646484;-11.8333330154419;123.8333358764648;2;2
2167;43;-65.66666412353516;-11.16666698455811;124;2;2
2218;44;-65;-12.5;124.5;2;2
2264;45;-65;-11.8333330154419;124.1666641235352;2;2
2315;46;-64.5;-11.5;125.5;2;2
2362;47;-67.16666412353516;-10.8333330154419;125.8333358764648;2;2
2412;48;-65.33333587646484;-11.8333330154419;124.1666641235352;2;2
2459;49;-65.16666412353516;-11.5;124.6666641235352;2;2
2510;50;-64.83333587646484;-13.5;125.8333358764648;2;2
2557;51;-65.66666412353516;-11.5;124;2;2
2605;52;-64.66666412353516;-10.5;124.8333358764648;2;2
2654;53;-106.6666641235352;-12;125.1666641235352;2;2
2703;54;-65;-10.5;124.5;2;2
2759;55;-66.66666412353516;-12.5;125.6666641235352;2;2
2801;56;-65;-10.5;123;2;2
2851;57;-66.66666412353516;-9.833333015441895;125.3333358764648;2;2
2898;58;-66.33333587646484;-12;124.3333358764648;2;2
2947;59;-65.66666412353516;-10;124.3333358764648;2;2
3002;60;-66.33333587646484;-12.8333330154419;123.5;2;2
3049;61;-65.16666412353516;-11.5;125.5;2;2
3095;62;-65.16666412353516;-11.16666698455811;125.1666641235352;2;2
3142;63;-66.66666412353516;-11.8333330154419;125.6666641235352;2;2
3192;64;-64.66666412353516;-11.8333330154419;126.8333358764648;2;2
3240;65;-66.16666412353516;-11.8333330154419;127.1666641235352;2;2
3288;66;-66.66666412353516;-11.8333330154419;123;2;2
3337;67;-65;-11;125.3333358764648;2;2
3385;68;-65.83333587646484;-12.16666698455811;126.8333358764648;2;2
3435;69;-64.66666412353516;-11.3333330154419;125.3333358764648;2;2
3483;70;-65.33333587646484;-10.5;125.6666641235352;2;2
3534;71;-64.5;-10.8333330154419;125.5;2;2
3581;72;-66.16666412353516;-12.16666698455811;125.3333358764648;2;2
3629;73;-65.33333587646484;-10.16666698455811;125.6666641235352;2;2
3679;74;-106.6666641235352;-11.16666698455811;127;2;2
3727;75;-66.16666412353516;-11.3333330154419;126.8333358764648;2;2
3782;76;-64.5;-12;127.8333358764648;2;2
3824;77;-66;-13.5;125.5;2;2
3874;78;-66;-11.5;127.3333358764648;2;2
3925;79;-65.16666412353516;-10.8333330154419;125.1666641235352;2;2
3971;80;-65.66666412353516;-10;127.8333358764648;2;2
4070;81;-104.5;-9;171;2;2
4117;82;-66.16666412353516;-11.3333330154419;126.8333358764648;2;2
4167;83;-64.16666412353516;-13;175.3333282470703;2;2
4214;84;-106.5;-16.16666603088379;176.5;2;2
4266;85;-105.8333358764648;-16.83333396911621;178.1666717529297;2;2
4313;86;-64.16666412353516;-16.16666603088379;180.6666717529297;2;2
4363;87;-105.5;-19.5;183.1666717529297;2;2
4409;88;-105.5;-18;187;2;2
4460;89;-105.1666641235352;-20;185.5;2;2
4509;90;-103.6666641235352;20.5;184.1666717529297;2;2
4557;91;-103.6666641235352;20.16666603088379;181.8333282470703;2;2
4606;92;-103.5;19.5;180;2;2
4656;93;-102.3333358764648;17.5;180.5;2;2
4700;94;-103.6666641235352;19.33333396911621;176.5;2;2
4750;95;-103.6666641235352;18.83333396911621;176.8333282470703;2;2
4799;96;-103.3333358764648;17.33333396911621;175.3333282470703;2;2
4848;97;-102.5;20.5;173;2;2
4898;98;-104.1666641235352;19.33333396911621;171.5;2;2
4946;99;-102.3333358764648;20.33333396911621;127;2;2
4997;100;-102;19.5;125.1666641235352;2;2
5044;101;-104.1666641235352;20.16666603088379;123;2;2
5094;102;-102.8333358764648;20.83333396911621;124.5;2;2
5142;103;-104.5;-20.5;124.8333358764648;2;2
5191;104;-102;-21.16666603088379;124.3333358764648;2;2
5237;105;-103.6666641235352;-21;123.3333358764648;2;2
5287;106;-104.1666641235352;20.5;124.1666641235352;2;2
5335;107;-104.8333358764648;20.5;123.3333358764648;2;2
5387;108;-103.6666641235352;-21.33333396911621;124.1666641235352;2;2
5434;109;-102.1666641235352;-21.33333396911621;122.6666641235352;2;2
5482;110;-102;-20.83333396911621;124;2;2
5532;111;-103.1666641235352;20.33333396911621;122;2;2
5579;112;-103.1666641235352;20.33333396911621;122.5;2;2
5631;113;-103.3333358764648;-21;121.5;2;2
5677;114;-103.3333358764648;18.5;124.1666641235352;2;2
5725;115;-102.3333358764648;-21.16666603088379;123.1666641235352;2;2
5774;116;-102;-21.16666603088379;123.5;2;2
5822;117;-103.5;19.83333396911621;125.1666641235352;2;2
5879;118;-104.8333358764648;20.83333396911621;125.3333358764648;2;2
5925;119;-104.6666641235352;20.66666603088379;125.1666641235352;2;2
6025;120;-103.5;20.33333396911621;123.1666641235352;2;2
6068;121;-102.3333358764648;20.33333396911621;124.3333358764648;2;2
6120;122;-101.1666641235352;19.83333396911621;125.5;2;2
6164;123;-102.5;20.5;123.3333358764648;2;2
6217;124;-102.3333358764648;20.66666603088379;124.6666641235352;2;2
6266;125;-103.1666641235352;20.66666603088379;124.6666641235352;2;2
6323;126;-102.1666641235352;19.33333396911621;124.5;2;2
6361;127;-103.1666641235352;-21.16666603088379;124.3333358764648;2;2
6416;128;-103.5;19.5;124.6666641235352;2;2
6458;129;-103.6666641235352;20.5;123.3333358764648;2;2
6509;130;-102;20.33333396911621;124;2;2
6556;131;-103.6666641235352;18.83333396911621;123;2;2
6605;132;-103.1666641235352;20.66666603088379;125.5;2;2
6661;133;-103.5;18.66666603088379;124.6666641235352;2;2
6703;134;-104.6666641235352;18.66666603088379;125.5;2;2
6748;135;-103.5;20.33333396911621;125.1666641235352;2;2
6809;136;-103.8333358764648;18.66666603088379;125.5;2;2
6849;137;-101;20.16666603088379;124.8333358764648;2;2
6896;138;-103.1666641235352;19.83333396911621;126.3333358764648;2;2
6944;139;-104.3333358764648;18.66666603088379;124;2;2
7004;140;-103.5;19.83333396911621;125.5;2;2
7045;141;-102.8333358764648;19.66666603088379;126;2;2
7091;142;-101.3333358764648;17.66666603088379;124.5;2;2
7139;143;-103.6666641235352;18.83333396911621;125.6666641235352;2;2
7188;144;-103.1666641235352;19.16666603088379;125.8333358764648;2;2
7238;145;-102.3333358764648;19.5;127;2;2
7287;146;-103.1666641235352;18.33333396911621;170.8333282470703;2;2
7335;147;-103.8333358764648;18.66666603088379;173.1666717529297;2;2
7383;148;-102.8333358764648;19.66666603088379;175.3333282470703;2;2
7447;149;-104.1666641235352;19.66666603088379;178;2;2
7481;150;-103.3333358764648;20.5;179.1666717529297;2;2
7529;151;-102.8333358764648;-21.33333396911621;182.1666717529297;2;2
7580;152;-104.3333358764648;20.33333396911621;181.1666717529297;2;2
7629;153;-104.1666641235352;-19.33333396911621;184.1666717529297;2;2
7676;154;-105.5;-18.33333396911621;183.8333282470703;2;2
7724;155;-105.6666641235352;-19;183;2;2
7785;156;-64.83333587646484;-17.5;180.5;2;2
7824;157;-64.66666412353516;-15.8333330154419;179.8333282470703;2;2
7879;158;-65;-13.8333330154419;176.8333282470703;2;2
7982;159;-64.5;-11.5;175;2;2
8018;160;-106.3333358764648;-12.3333330154419;175.5;2;2
8074;161;-65.16666412353516;-12.8333330154419;176.1666717529297;2;2
8116;162;-67.16666412353516;-14.3333330154419;176.6666717529297;2;2
8170;163;-67.33333587646484;-11.8333330154419;176;2;2
8214;164;-67.33333587646484;-11.8333330154419;176.5;2;2
8261;165;-67.33333587646484;-12.16666698455811;174.5;2;2
8309;166;-69.5;-12.8333330154419;172.3333282470703;2;2
8360;167;-67.16666412353516;-13.5;171.1666717529297;2;2
8410;168;-66;-13.16666698455811;171.6666717529297;2;2
8458;169;-65.16666412353516;-11.5;170.8333282470703;2;2
8507;170;-65;-10.5;126.5;2;2
8555;171;-64.5;-11.5;127.3333358764648;2;2
8603;172;-65;-13.8333330154419;171.8333282470703;2;2
8659;173;-106.1666641235352;-11.8333330154419;127.6666641235352;2;2
8704;174;-106.5;-10.5;170.6666717529297;2;2
8750;175;-64.16666412353516;-12.16666698455811;127.6666641235352;2;2
8809;176;-105.6666641235352;-13.8333330154419;125.3333358764648;2;2
8848;177;-105.3333358764648;-11;126;2;2
8905;178;-104.8333358764648;-12.5;126;2;2
8944;179;-106.1666641235352;-14.16666698455811;125.6666641235352;2;2
8994;180;-106.5;-12.16666698455811;124.8333358764648;2;2
9041;181;-106.1666641235352;-11.3333330154419;124.5;2;2
9098;182;-106.3333358764648;-10.3333330154419;123.1666641235352;2;2
9144;183;-64.16666412353516;-9.833333015441895;122.6666641235352;2;2
9190;184;-65;-12.16666698455811;122.1666641235352;2;2
9245;185;-64.66666412353516;-11.3333330154419;122.1666641235352;2;2
9287;186;-64.5;-11.16666698455811;121.6666641235352;2;2
9344;187;-66.33333587646484;-10.8333330154419;120.5;2;2
9384;188;-106.5;-9.833333015441895;121.5;2;2
9436;189;-65.83333587646484;-11.8333330154419;121.8333358764648;2;2
9481;190;-64.66666412353516;-11.3333330154419;122.1666641235352;2;2
9539;191;-64.66666412353516;-11;121.8333358764648;2;2
9577;192;-106.3333358764648;-12.8333330154419;124.3333358764648;2;2
9631;193;-65.16666412353516;-12;122.8333358764648;2;2
9675;194;-65.16666412353516;-12;124.3333358764648;2;2
9726;195;-66.16666412353516;-11.8333330154419;125.6666641235352;2;2
9773;196;-65;-10.5;125.3333358764648;2;2
9830;197;-65.83333587646484;-10.5;125.3333358764648;2;2
9929;198;-65.66666412353516;-11.16666698455811;124.6666641235352;2;2
9968;199;-64.16666412353516;-11.3333330154419;122.6666641235352;2;2
10019;200;-64.16666412353516;-10.5;123.8333358764648;2;2
10065;201;-64.16666412353516;-11;123;2;2
10120;202;-64.66666412353516;-11.3333330154419;122.6666641235352;2;2
10163;203;-64.83333587646484;-11.16666698455811;121.6666641235352;2;2
10214;204;-65;-10.5;120.3333358764648;2;2
10263;205;-66.66666412353516;-11;121.8333358764648;2;2
10319;206;-65.33333587646484;-11.3333330154419;122.1666641235352;2;2
10360;207;-66.16666412353516;-11.8333330154419;121.8333358764648;2;2
10411;208;-65.33333587646484;-10.16666698455811;120;2;2
10456;209;-106.6666641235352;-10.3333330154419;121.6666641235352;2;2
10505;210;-65.16666412353516;-9.5;121.3333358764648;2;2
10559;211;-65.83333587646484;-11.3333330154419;120.6666641235352;2;2
10603;212;-106.3333358764648;-10.8333330154419;121.3333358764648;2;2
10651;213;-65;-11;121;2;2
10696;214;-64.5;-10;121.3333358764648;2;2
10747;215;-65.33333587646484;-11;122.1666641235352;2;2
10802;216;-65;-12.5;123;2;2
10849;217;-65;-9.833333015441895;121;2;2
10895;218;-65.66666412353516;-12;123.1666641235352;2;2
10942;219;-64.5;-12;122.5;2;2
10991;220;-66.33333587646484;-12;122.5;2;2
11042;221;-65.33333587646484;-9.333333015441895;122.1666641235352;2;2
11089;222;-65.83333587646484;-11;122.1666641235352;2;2
11137;223;-65.83333587646484;-11.8333330154419;121.8333358764648;2;2
11189;224;-65.66666412353516;-10.8333330154419;120.1666641235352;2;2
11234;225;-65;-10.16666698455811;121.8333358764648;2;2
11285;226;-65.16666412353516;-11.16666698455811;120.5;2;2
11338;227;-66.83333587646484;-11.16666698455811;121.6666641235352;2;2
11382;228;-65;-11;121;2;2
11430;229;-66.83333587646484;-11.5;122.8333358764648;2;2
11481;230;-64.83333587646484;-10.8333330154419;120.5;2;2
11526;231;-66;-10.8333330154419;123.5;2;2
11578;232;-64.83333587646484;-12.3333330154419;122;2;2
11623;233;-64.66666412353516;-11;120.6666641235352;2;2
11673;234;-64.66666412353516;-13;122.6666641235352;2;2
11722;235;-65.83333587646484;-12.16666698455811;121.5;2;2
11774;236;-65.83333587646484;-10.16666698455811;123;2;2
11819;237;-66;-11.16666698455811;123.1666641235352;2;2
11918;238;-65;-10.5;121.5;2;2
11979;239;-66.33333587646484;-12;121.6666641235352;2;2
12017;240;-66;-13.5;121.6666641235352;2;2
12068;241;-66.16666412353516;-9;120.3333358764648;2;2
12117;242;-64.16666412353516;-11.8333330154419;121;2;2
12162;243;-66.33333587646484;-11.5;123.5;2;2
12216;244;-64.66666412353516;-11;121.8333358764648;2;2
12260;245;-66.83333587646484;-11.5;123.1666641235352;2;2
12310;246;-106.5;-9.833333015441895;121.8333358764648;2;2
12357;247;-65;-11;123.8333358764648;2;2
12405;248;-66.66666412353516;-10.16666698455811;121.8333358764648;2;2
12456;249;-64.16666412353516;-10.16666698455811;122.1666641235352;2;2
12502;250;-65.66666412353516;-10;122;2;2
12594;251;-65.33333587646484;-11.8333330154419;121;2;2
12628;252;-64.16666412353516;-10.5;121.8333358764648;2;2
12667;253;-65.66666412353516;-10.3333330154419;122.5;2;2
12713;254;-64.5;-11.16666698455811;121.6666641235352;2;2
12756;255;-65.83333587646484;-10.5;121;2;2
12816;256;-66;-11.16666698455811;121.3333358764648;2;2
12861;257;-65.83333587646484;-9.833333015441895;120.6666641235352;2;2
12907;258;-64.16666412353516;-9.333333015441895;122.1666641235352;2;2
12949;259;-66.16666412353516;-10.5;122.6666641235352;2;2
13009;260;-106.5;-12.5;123.3333358764648;2;2
13055;261;-106.6666641235352;-10;120.8333358764648;2;2
13104;262;-64.83333587646484;-11.5;121.6666641235352;2;2
13144;263;-66.16666412353516;-10.5;121.5;2;2
13205;264;-65.16666412353516;-12.3333330154419;120.5;2;2
13240;265;-65.83333587646484;-10.16666698455811;120.6666641235352;2;2
13301;266;-66.16666412353516;-9;121.5;2;2
13351;267;-65;-10.16666698455811;120.6666641235352;2;2
13396;268;-65.33333587646484;-10.5;121;2;2
13446;269;-65;-10.5;121.5;2;2
13491;270;-65.33333587646484;-11.8333330154419;121;2;2
13534;271;-66;-12.3333330154419;122.5;2;2
13582;272;-65.33333587646484;-11;122.1666641235352;2;2
13638;273;-64.83333587646484;-10;122.8333358764648;2;2
13689;274;-66.16666412353516;-12.5;123;2;2
13734;275;-66.33333587646484;-10.3333330154419;121.3333358764648;2;2
13780;276;-66.33333587646484;-10;121.3333358764648;2;2
13891;277;-64.66666412353516;-11;122.1666641235352;2;2
13928;278;-66.66666412353516;-12.16666698455811;123;2;2
13977;279;-64.16666412353516;-12.16666698455811;121.8333358764648;2;2
14018;280;-64.83333587646484;-11.16666698455811;121.6666641235352;2;2
14069;281;-66.83333587646484;-10.8333330154419;121.3333358764648;2;2
14128;282;-65.33333587646484;-10.5;122.1666641235352;2;2
14170;283;-66.66666412353516;-10.5;120.6666641235352;2;2
14214;284;-66.16666412353516;-13.3333330154419;121.8333358764648;2;2
14274;285;-66.16666412353516;-9.333333015441895;122.1666641235352;2;2
14324;286;-64.16666412353516;-11.3333330154419;122.1666641235352;2;2
14411;287;-65.66666412353516;-11.5;121.3333358764648;2;2
14415;288;-65.66666412353516;-11.5;121.3333358764648;2;2
14471;289;-64.16666412353516;-10.5;120.6666641235352;2;2
14517;290;-65.83333587646484;-11;120.6666641235352;2;2
14566;291;-65;-11;123;2;2
14607;292;-64.83333587646484;-11.5;122.8333358764648;2;2
14667;293;-66.33333587646484;-10.8333330154419;120.1666641235352;2;2
14712;294;-64.5;-11.5;121.3333358764648;2;2
14762;295;-67.16666412353516;-12;122.5;2;2
14808;296;-65;-10.5;121.8333358764648;2;2
14849;297;-64.66666412353516;-9.833333015441895;121.5;2;2
14909;298;-65.83333587646484;-9;122.1666641235352;2;2
14954;299;-66.66666412353516;-12.16666698455811;121.5;2;2
15004;300;-66.33333587646484;-10.8333330154419;120.5;2;2
130;0;-0.951904296875;0.26708984375;0.178955078125;0;3
152;1;-0.951904296875;0.26708984375;0.178955078125;0;3
183;2;-0.965576171875;0.22021484375;0.16796875;0;3
186;3;-0.965576171875;0.22021484375;0.16796875;0;3
257;4;-0.963134765625;0.277099609375;0.165771484375;0;3
260;5;-0.963134765625;0.277099609375;0.165771484375;0;3
406;6;-0.9609375;0.26708984375;0.17626953125;0;3
412;7;-0.9609375;0.26708984375;0.17626953125;0;3
502;8;-0.958984375;0.27294921875;0.181884765625;0;3
509;9;-0.958984375;0.27294921875;0.181884765625;0;3
553;10;-0.958984375;0.27685546875;0.179443359375;0;3
602;11;-0.963623046875;0.278076171875;0.169677734375;0;3
696;12;-0.95703125;0.27197265625;0.175048828125;0;3
700;13;-0.90673828125;0.275390625;0.181396484375;0;3
745;14;-0.96337890625;0.27392578125;0.173095703125;0;3
842;15;-0.957763671875;0.27099609375;0.16943359375;0;3
847;16;-0.961181640625;0.27734375;0.172607421875;0;3
892;17;-0.96240234375;0.26806640625;0.16748046875;0;3
942;18;-0.962646484375;0.27978515625;0.16943359375;0;3
990;19;-0.958984375;0.273193359375;0.1826171875;0;3
1090;20;-0.9638671875;0.21923828125;0.16845703125;0;3
1097;21;-0.9638671875;0.21923828125;0.16845703125;0;3
1136;22;-0.9619140625;0.273193359375;0.16748046875;0;3
1186;23;-0.959716796875;0.275634765625;0.174072265625;0;3
1234;24;-0.960205078125;0.274169921875;0.171875;0;3
1284;25;-0.9619140625;0.269287109375;0.17529296875;0;3
1331;26;-0.963623046875;0.270751953125;0.17724609375;0;3
1380;27;-0.95751953125;0.267578125;0.173095703125;0;3
1428;28;-0.958740234375;0.27294921875;0.167236328125;0;3
1477;29;-0.960693359375;0.274658203125;0.167724609375;0;3
1526;30;-0.960693359375;0.27001953125;0.16943359375;0;3
1575;31;-0.96142578125;0.269775390625;0.17138671875;0;3
1623;32;-0.96240234375;0.274658203125;0.173828125;0;3
1673;33;-0.961669921875;0.27734375;0.176025390625;0;3
1722;34;-0.962158203125;0.27001953125;0.16943359375;0;3
1770;35;-0.9619140625;0.270263671875;0.179443359375;0;3
1821;36;-0.9580078125;0.268310546875;0.18017578125;0;3
1868;37;-0.965087890625;0.271728515625;0.1728515625;0;3
1916;38;-0.951904296875;0.276123046875;0.1748046875;0;3
1965;39;-0.962646484375;0.27294921875;0.168212890625;0;3
2013;40;-0.96142578125;0.278076171875;0.177490234375;0;3
2115;41;-0.9619140625;0.267578125;0.166259765625;0;3
2122;42;-0.9619140625;0.267578125;0.166259765625;0;3
2208;43;-0.965087890625;0.272216796875;0.170654296875;0;3
2212;44;-0.95849609375;0.26904296875;0.1650390625;0;3
2307;45;-0.959716796875;0.27197265625;0.166015625;0;3
2355;46;-0.962158203125;0.2744140625;0.166015625;0;3
2404;47;-0.958984375;0.273681640625;0.1708984375;0;3
2452;48;-0.963623046875;0.267333984375;0.177001953125;0;3
2501;49;-0.908447265625;0.266845703125;0.173095703125;0;3
2550;50;-0.963623046875;0.2666015625;0.168701171875;0;3
2599;51;-0.90771484375;0.269287109375;0.170654296875;0;3
2647;52;-0.96240234375;0.2734375;0.171875;0;3
2744;53;-0.962890625;0.267822265625;0.17578125;0;3
2750;54;-0.966064453125;0.269775390625;0.165771484375;0;3
2794;55;-0.960205078125;0.267822265625;0.173828125;0;3
2842;56;-0.959716796875;0.267822265625;0.181640625;0;3
2891;57;-0.963134765625;0.26806640625;0.177734375;0;3
2940;58;-0.964111328125;0.260986328125;0.175537109375;0;3
2990;59;-0.960693359375;0.266845703125;0.17626953125;0;3
3039;60;-0.95947265625;0.2587890625;0.174072265625;0;3
3087;61;-0.96826171875;0.26171875;0.17041015625;0;3
3136;62;-0.965576171875;0.265625;0.17431640625;0;3
3184;63;-0.954345703125;0.26123046875;0.17822265625;0;3
3232;64;-0.95751953125;0.26513671875;0.17236328125;0;3
3282;65;-0.96533203125;0.26513671875;0.167724609375;0;3
3330;66;-0.966064453125;0.262451171875;0.173095703125;0;3
3378;67;-0.964599609375;0.186767578125;0.178466796875;0;3
3428;68;-0.96337890625;0.178955078125;0.173095703125;0;3
3476;69;-0.96484375;0.25048828125;0.1875;0;3
3527;70;-0.958984375;0.185302734375;0.17919921875;0;3
3574;71;-0.96044921875;0.18408203125;0.171875;0;3
3623;72;-0.9541015625;0.25048828125;0.165771484375;0;3
3672;73;-0.95556640625;0.181396484375;0.214111328125;0;3
3720;74;-0.9404296875;0.262939453125;0.2119140625;0;3
3771;75;-0.851806640625;0.2294921875;0.1923828125;0;3
3817;76;-0.878662109375;0.236083984375;0.123046875;0;3
3866;77;-0.726806640625;0.284912109375;0.080078125;0;3
3917;78;-0.76171875;0.177490234375;0.149658203125;0;3
3963;79;-0.7783203125;0.216064453125;0.05224609375;0;3
4061;80;-0.766845703125;0.232421875;0.152587890625;0;3
4065;81;-0.766845703125;0.232421875;0.152587890625;0;3
4157;82;-0.5615234375;0.27783203125;0.1005859375;0;3
4161;83;-0.587158203125;0.22900390625;0.263671875;0;3
4258;84;-0.535888671875;0.26611328125;0.176025390625;0;3
4307;85;-0.616455078125;0.316162109375;0.18359375;0;3
4354;86;-0.76904296875;0.28173828125;0.14306640625;0;3
4402;87;-0.91259765625;0.338623046875;0.16162109375;0;3
4452;88;-1.0947265625;0.3330078125;0.102783203125;0;3
4500;89;-1.058837890625;0.153076171875;0.151123046875;0;3
4550;90;-1.193359375;0.21435546875;0.20703125;0;3
4599;91;-1.061767578125;0.16552734375;-0.01904296875;0;3
4646;92;-1.153076171875;-0.00341796875;0.271728515625;0;3
4694;93;-1.25;0.159912109375;0.27880859375;0;3
4743;94;-1.5;0.10693359375;0.308837890625;0;3
4792;95;-1.2607421875;-0.10107421875;0.285400390625;0;3
4841;96;-1.218994140625;0.09228515625;0.633544921875;0;3
4890;97;-1.52734375;0.3583984375;0.48388671875;0;3
4938;98;-0.9658203125;0.097412109375;0.43408203125;0;3
4989;99;-0.960693359375;0.036376953125;0.55712890625;0;3
5036;100;-0.921630859375;0.0908203125;0.396240234375;0;3
5085;101;-0.878662109375;-0.06982421875;0.264892578125;0;3
5134;102;-0.904541015625;0.001220703125;0.173095703125;0;3
5184;103;-0.900634765625;-0.058349609375;0.214111328125;0;3
5230;104;-0.9697265625;-0.10107421875;0.2626953125;0;3
5280;105;-0.927978515625;0.0029296875;0.244140625;0;3
5329;106;-0.986572265625;-0.02734375;0.380859375;0;3
5378;107;-0.938720703125;0.000244140625;0.274169921875;0;3
5426;108;-1.008544921875;0.0712890625;0.292724609375;0;3
5475;109;-0.963623046875;-0.0029296875;0.33935546875;0;3
5524;110;-0.909912109375;-0.0126953125;0.32958984375;0;3
5572;111;-0.911865234375;0.065673828125;0.288818359375;0;3
5623;112;-0.956298828125;0.026611328125;0.24609375;0;3
5670;113;-1.010498046875;0.077392578125;0.405517578125;0;3
5718;114;-0.924072265625;0.06689453125;0.3125;0;3
5767;115;-0.910888671875;0.0166015625;0.226318359375;0;3
5816;116;-0.919189453125;0.0302734375;0.227783203125;0;3
5866;117;-0.913330078125;-0.019287109375;0.322021484375;0;3
5916;118;-0.91162109375;-0.00537109375;0.292236328125;0;3
6013;119;-0.911865234375;-0.0146484375;0.291259765625;0;3
6018;120;-0.911865234375;-0.0146484375;0.291259765625;0;3
6110;121;-0.9130859375;0.072998046875;0.340087890625;0;3
6114;122;-0.919677734375;-0.00244140625;0.3232421875;0;3
6208;123;-0.919921875;0.071044921875;0.281982421875;0;3
6257;124;-0.952880859375;-0.004638671875;0.235107421875;0;3
6305;125;-0.930908203125;-0.00244140625;0.37841796875;0;3
6354;126;-0.91748046875;0.08642578125;0.3310546875;0;3
6405;127;-0.96630859375;0.0595703125;0.25;0;3
6450;128;-0.912841796875;0.091552734375;0.2822265625;0;3
6499;129;-0.871826171875;0.041259765625;0.295654296875;0;3
6548;130;-0.96923828125;0.131591796875;0.297119140625;0;3
6596;131;-0.90966796875;0.07373046875;0.16796875;0;3
6649;132;-0.95751953125;-0.023193359375;0.207275390625;0;3
6695;133;-0.9326171875;0.056884765625;0.45068359375;0;3
6741;134;-0.93408203125;0.06201171875;0.2861328125;0;3
6795;135;-0.92041015625;0.042724609375;0.320068359375;0;3
6840;136;-0.9169921875;0.1279296875;0.285888671875;0;3
6889;137;-0.89208984375;-0.00830078125;0.203125;0;3
6938;138;-0.989013671875;0.20947265625;0.59326171875;0;3
6991;139;-0.927734375;0.09619140625;0.303466796875;0;3
7037;140;-0.920654296875;0.061767578125;0.16064453125;0;3
7084;141;-1.0087890625;0.118408203125;0.5654296875;0;3
7132;142;-0.824951171875;-0.06201171875;-0.001708984375;0;3
7181;143;-0.917724609375;0.018798828125;0.543701171875;0;3
7230;144;-1.576171875;0.701171875;1.240478515625;0;3
7279;145;-1.94384765625;-1.332763671875;0.624755859375;0;3
7327;146;-1.109619140625;-0.65087890625;0.09765625;0;3
7376;147;-1.451904296875;0.579833984375;0.355712890625;0;3
7428;148;-1.21044921875;-0.1162109375;0.282470703125;0;3
7474;149;-0.985595703125;0.007568359375;0.318603515625;0;3
7523;150;-0.865478515625;0.13818359375;0.22900390625;0;3
7572;151;-0.906005859375;0.1328125;0.138671875;0;3
7622;152;-0.890869140625;-0.01611328125;0.2109375;0;3
7669;153;-0.955322265625;0.08642578125;0.16943359375;0;3
7717;154;-0.961181640625;0.136474609375;0.1171875;0;3
7771;155;-0.959228515625;0.099365234375;0.187744140625;0;3
7816;156;-1.001953125;0.160888671875;0.113037109375;0;3
7866;157;-0.89892578125;0.26416015625;0.10205078125;0;3
7965;158;-0.51416015625;0.29638671875;0.204833984375;0;3
7972;159;-0.51416015625;0.29638671875;0.204833984375;0;3
8060;160;-0.612548828125;0.20263671875;0.48681640625;0;3
8065;161;-0.612548828125;0.20263671875;0.48681640625;0;3
8159;162;-0.732421875;-0.00732421875;0.580078125;0;3
8206;163;-0.962646484375;0.200439453125;0.55859375;0;3
8254;164;-0.92919921875;0.247802734375;0.600341796875;0;3
8303;165;-0.9677734375;0.270751953125;0.5986328125;0;3
8352;166;-1.024169921875;0.124755859375;0.583251953125;0;3
8401;167;-1.046875;0.212158203125;0.46875;0;3
8451;168;-1.1943359375;0.160400390625;0.358154296875;0;3
8498;169;-1.19580078125;0.10009765625;0.31982421875;0;3
8547;170;-1.11279296875;0.10986328125;0.277099609375;0;3
8595;171;-1.038330078125;0.098876953125;0.169189453125;0;3
8646;172;-0.98193359375;0.094482421875;0.1171875;0;3
8695;173;-0.891845703125;0.10498046875;0.112548828125;0;3
8742;174;-0.74951171875;0.117919921875;0.11474609375;0;3
8797;175;-0.74462890625;0.12158203125;0.135986328125;0;3
8840;176;-0.74658203125;0.1630859375;0.122802734375;0;3
8891;177;-0.789794921875;0.17529296875;0.160888671875;0;3
8937;178;-0.915771484375;0.162841796875;0.278564453125;0;3
8986;179;-1.085693359375;0.19091796875;0.301025390625;0;3
9034;180;-1.05517578125;0.127197265625;0.24267578125;0;3
9082;181;-1.09716796875;0.214111328125;0.336669921875;0;3
9134;182;-1.091796875;0.243408203125;0.3251953125;0;3
9181;183;-1.107177734375;0.345947265625;0.3388671875;0;3
9232;184;-1.01171875;0.424072265625;0.35302734375;0;3
9279;185;-0.947265625;0.42578125;0.449951171875;0;3
9331;186;-1.000732421875;0.381591796875;0.3671875;0;3
9376;187;-1.0302734375;0.267333984375;0.35107421875;0;3
9426;188;-1.083251953125;0.213134765625;0.39794921875;0;3
9475;189;-1.039794921875;0.21630859375;0.3056640625;0;3
9524;190;-1.088623046875;0.21044921875;0.292236328125;0;3
9570;191;-1.069580078125;0.123046875;0.28466796875;0;3
9621;192;-0.92626953125;0.13916015625;0.318115234375;0;3
9668;193;-0.848388671875;0.125732421875;0.23779296875;0;3
9718;194;-0.8955078125;0.051025390625;0.224609375;0;3
9766;195;-0.828125;0.053466796875;0.224365234375;0;3
9818;196;-0.7265625;0.094482421875;0.23388671875;0;3
9914;197;-0.8251953125;0.114501953125;0.236572265625;0;3
9932;198;-0.94091796875;0.120361328125;0.244873046875;0;3
10010;199;-1.03759765625;0.279541015625;0.3837890625;0;3
10014;200;-1.03759765625;0.279541015625;0.3837890625;0;3
10109;201;-1.055908203125;0.2265625;0.3916015625;0;3
10156;202;-1.09033203125;0.228271484375;0.396484375;0;3
10205;203;-0.969482421875;0.2421875;0.383544921875;0;3
10254;204;-0.911376953125;0.31689453125;0.3798828125;0;3
10305;205;-0.908203125;0.24169921875;0.2958984375;0;3
10352;206;-0.927490234375;0.266357421875;0.3388671875;0;3
10400;207;-1.014404296875;0.180419921875;0.325439453125;0;3
10449;208;-0.988525390625;0.166259765625;0.24853515625;0;3
10497;209;-0.970458984375;0.19970703125;0.23095703125;0;3
10548;210;-1.0078125;0.119140625;0.2314453125;0;3
10595;211;-0.95703125;0.109619140625;0.22412109375;0;3
10644;212;-0.94287109375;0.096923828125;0.276611328125;0;3
10690;213;-0.810546875;0.09619140625;0.265625;0;3
10739;214;-0.810302734375;0.116943359375;0.278564453125;0;3
10791;215;-0.878662109375;0.118896484375;0.223388671875;0;3
10839;216;-0.86181640625;0.200439453125;0.31689453125;0;3
10887;217;-0.922607421875;0.1953125;0.24462890625;0;3
10935;218;-1.014892578125;0.178466796875;0.329833984375;0;3
10984;219;-1.0205078125;0.263671875;0.3330078125;0;3
11035;220;-1.025634765625;0.279296875;0.33154296875;0;3
11081;221;-0.934326171875;0.275634765625;0.33642578125;0;3
11130;222;-0.967529296875;0.278564453125;0.334716796875;0;3
11180;223;-0.912353515625;0.270263671875;0.326171875;0;3
11228;224;-0.96533203125;0.2626953125;0.31982421875;0;3
11277;225;-0.91552734375;0.18212890625;0.244140625;0;3
11329;226;-0.910888671875;0.16455078125;0.236572265625;0;3
11375;227;-0.912841796875;0.21826171875;0.232421875;0;3
11423;228;-0.96337890625;0.206298828125;0.2412109375;0;3
11471;229;-0.9482421875;0.197265625;0.230224609375;0;3
11520;230;-0.9541015625;0.190673828125;0.237060546875;0;3
11570;231;-0.94091796875;0.187744140625;0.235107421875;0;3
11617;232;-0.947021484375;0.190185546875;0.2333984375;0;3
11667;233;-0.873291015625;0.20458984375;0.220458984375;0;3
11715;234;-0.951416015625;0.2158203125;0.2255859375;0;3
11765;235;-0.946533203125;0.167724609375;0.22900390625;0;3
11861;236;-0.91796875;0.17431640625;0.239013671875;0;3
11866;237;-0.91796875;0.17431640625;0.239013671875;0;3
11960;238;-0.914306640625;0.181884765625;0.23974609375;0;3
11967;239;-0.920166015625;0.182861328125;0.244873046875;0;3
12058;240;-0.91259765625;0.181396484375;0.241943359375;0;3
12107;241;-0.966796875;0.18408203125;0.239990234375;0;3
12155;242;-0.964111328125;0.177734375;0.235595703125;0;3
12205;243;-0.910888671875;0.16845703125;0.2353515625;0;3
12252;244;-0.912109375;0.16162109375;0.23486328125;0;3
12301;245;-0.90869140625;0.218505859375;0.236572265625;0;3
12349;246;-0.962890625;0.215576171875;0.228271484375;0;3
12398;247;-0.95263671875;0.21044921875;0.2275390625;0;3
12448;248;-0.96240234375;0.21240234375;0.220947265625;0;3
12496;249;-0.94970703125;0.214111328125;0.23046875;0;3
12587;250;-0.954833984375;0.215576171875;0.232666015625;0;3
12620;251;-0.958984375;0.16064453125;0.228271484375;0;3
12662;252;-0.962646484375;0.163818359375;0.234130859375;0;3
12708;253;-0.9619140625;0.1689453125;0.234375;0;3
12751;254;-0.9599609375;0.1748046875;0.244140625;0;3
12792;255;-0.9638671875;0.176513671875;0.235595703125;0;3
12855;256;-0.964599609375;0.177734375;0.241455078125;0;3
12901;257;-0.966064453125;0.173583984375;0.237060546875;0;3
12942;258;-0.908203125;0.166259765625;0.23974609375;0;3
12987;259;-0.96337890625;0.162841796875;0.23095703125;0;3
13033;260;-0.9658203125;0.156494140625;0.229248046875;0;3
13098;261;-0.96240234375;0.156494140625;0.2275390625;0;3
13138;262;-0.966552734375;0.160400390625;0.226806640625;0;3
13183;263;-0.958984375;0.2177734375;0.2353515625;0;3
13233;264;-0.963623046875;0.216064453125;0.241455078125;0;3
13280;265;-0.908203125;0.157958984375;0.236328125;0;3
13327;266;-0.962890625;0.16357421875;0.23681640625;0;3
13375;267;-0.955810546875;0.167236328125;0.234619140625;0;3
13439;268;-0.955322265625;0.1689453125;0.23583984375;0;3
13486;269;-0.95849609375;0.17138671875;0.23583984375;0;3
13527;270;-0.9609375;0.173583984375;0.234130859375;0;3
13577;271;-0.9638671875;0.16552734375;0.2314453125;0;3
13617;272;-0.9580078125;0.161865234375;0.232421875;0;3
13682;273;-0.956298828125;0.16015625;0.235107421875;0;3
13729;274;-0.962158203125;0.21728515625;0.23193359375;0;3
13774;275;-0.9091796875;0.1591796875;0.224365234375;0;3
13879;276;-0.95751953125;0.15966796875;0.234619140625;0;3
13885;277;-0.95751953125;0.15966796875;0.234619140625;0;3
13967;278;-0.96044921875;0.162353515625;0.22705078125;0;3
13970;279;-0.96044921875;0.162353515625;0.22705078125;0;3
14063;280;-0.96240234375;0.167236328125;0.2255859375;0;3
14122;281;-0.965087890625;0.166748046875;0.232177734375;0;3
14163;282;-0.967041015625;0.1650390625;0.233154296875;0;3
14208;283;-0.96533203125;0.161376953125;0.230712890625;0;3
14252;284;-0.9638671875;0.158203125;0.232666015625;0;3
14317;285;-0.96484375;0.158447265625;0.2353515625;0;3
14363;286;-0.959716796875;0.16015625;0.23046875;0;3
14405;287;-0.96044921875;0.1611328125;0.2265625;0;3
14450;288;-0.96240234375;0.16748046875;0.2275390625;0;3
14495;289;-0.911376953125;0.16455078125;0.22998046875;0;3
14560;290;-0.964599609375;0.166015625;0.233642578125;0;3
14601;291;-0.95849609375;0.159423828125;0.2373046875;0;3
14645;292;-0.96533203125;0.160400390625;0.2353515625;0;3
14691;293;-0.962646484375;0.160888671875;0.226806640625;0;3
14756;294;-0.95947265625;0.159423828125;0.22314453125;0;3
14802;295;-0.965087890625;0.169189453125;0.226806640625;0;3
14843;296;-0.96435546875;0.16748046875;0.231689453125;0;3
14888;297;-0.96337890625;0.169677734375;0.226806640625;0;3
14933;298;-0.9658203125;0.158447265625;0.231689453125;0;3
14999;299;-0.9619140625;0.161865234375;0.228759765625;0;3
132;1;-1.9296875;-0.7890625;-2.8671875;1;3
153;2;-1.9296875;-0.7890625;-2.8671875;1;3
184;3;-4.6640625;0.9921875;-2.28125;1;3
187;4;-4.6640625;0.9921875;-2.28125;1;3
258;5;-4.328125;-0.65625;0.5078125;1;3
261;6;-4.328125;-0.65625;0.5078125;1;3
407;7;-4.484375;-0.65625;-2.09375;1;3
413;8;-4.484375;-0.65625;-2.09375;1;3
504;9;-4.1328125;-0.4453125;-2.2109375;1;3
511;10;-4.1328125;-0.4453125;-2.2109375;1;3
555;11;-4.3046875;-0.5859375;0.015625;1;3
604;12;-1.84375;-0.7109375;-2.171875;1;3
697;13;-1.8828125;-0.5625;-2.1015625;1;3
701;14;-4.015625;-0.5390625;-2.1796875;1;3
746;15;-4.0234375;-0.6171875;-2.1171875;1;3
844;16;-4.3515625;-0.796875;-2.015625;1;3
848;17;-4.1171875;-0.4609375;-2.203125;1;3
893;18;-4.7109375;-0.7734375;-2.3359375;1;3
943;19;-4.4765625;-0.625;0.3203125;1;3
991;20;-1.5703125;-0.734375;-1.046875;1;3
1092;21;-1.53125;-0.953125;-2.53125;1;3
1100;22;-1.53125;-0.953125;-2.53125;1;3
1137;23;-1.9375;-0.7421875;-2.75;1;3
1188;24;-1.1953125;-0.421875;0.3125;1;3
1235;25;-1.25;-0.453125;-2.875;1;3
1286;26;-1.84375;-0.296875;-2.1953125;1;3
1332;27;-1.5234375;-0.640625;-2.375;1;3
1381;28;-4.1015625;-0.5859375;-2.2265625;1;3
1429;29;-4.53125;-0.6875;0.046875;1;3
1478;30;-4.078125;-0.6796875;-2.6875;1;3
1528;31;-4.9453125;-0.234375;-2.25;1;3
1576;32;-4.5078125;-0.3671875;-2.578125;1;3
1625;33;-3.328125;-0.90625;0.21875;1;3
1675;34;-2;-0.7421875;-2.1171875;1;3
1724;35;-4.9765625;-0.4921875;-2.4296875;1;3
1772;36;-5;-0.6796875;0.2734375;1;3
1823;37;-1.546875;-0.703125;-2.328125;1;3
1869;38;-4.3671875;0.9765625;0.8125;1;3
1917;39;-4.125;-0.6796875;-2.265625;1;3
1966;40;-4.0390625;-0.6640625;-2.1015625;1;3
2014;41;-4.375;-0.5703125;-2.15625;1;3
2118;42;-4.5546875;0.984375;-2.2734375;1;3
2125;43;-4.5546875;0.984375;-2.2734375;1;3
2209;44;-4.5078125;0.796875;-2.4453125;1;3
2213;45;-4.8671875;0.9609375;-2.2421875;1;3
2309;46;-3.1171875;-0.7109375;0.21875;1;3
2356;47;-4.71875;-0.4140625;-2.21875;1;3
2404;48;-4.765625;-0.546875;-2.4140625;1;3
2454;49;-4.703125;-0.6796875;-2.3671875;1;3
2502;50;-3.0625;-0.5625;-2.2421875;1;3
2551;51;-3.5078125;-0.8359375;0.1328125;1;3
2599;52;-3.59375;-0.125;-0.9296875;1;3
2648;53;-4.8984375;2.03125;0.90625;1;3
2746;54;-3.34375;-0.6796875;0.5234375;1;3
2752;55;-3.4765625;-0.546875;-0.65625;1;3
2795;56;-3.734375;-0.3671875;0.4765625;1;3
2844;57;-3.015625;-0.2265625;-0.3203125;1;3
2892;58;-3.5546875;2.0234375;-0.3515625;1;3
2941;59;-3.3828125;-0.1640625;-0.40625;1;3
2993;60;-3.6171875;-0.2890625;-0.8671875;1;3
3041;61;-6.2734375;-0.15625;0.8359375;1;3
3088;62;-6.6875;-0.0234375;-0.796875;1;3
3137;63;-6.6796875;-0.1015625;-2.0859375;1;3
3185;64;-3.90625;-0.1015625;-2.0390625;1;3
3234;65;-6.234375;-0.3828125;0.171875;1;3
3283;66;-3.1875;2.15625;-2.8046875;1;3
3331;67;-3.21875;2.703125;-1.2734375;1;3
3380;68;-4.203125;1.2734375;-1.328125;1;3
3429;69;-1.96875;1.3515625;-1.0390625;1;3
3477;70;-1.5546875;1.828125;-2.421875;1;3
3529;71;-2.8984375;1.546875;-1.03125;1;3
3575;72;-2.484375;4.0390625;0.4140625;1;3
3624;73;-2.859375;3.0859375;0.1875;1;3
3673;74;-1.8984375;6.828125;-0.6875;1;3
3721;75;-2.765625;10.71875;4.21875;1;3
3773;76;4.4609375;16.5390625;6.0078125;1;3
3818;77;8.0078125;17.7421875;5.7578125;1;3
3867;78;13.703125;31.8515625;-12.328125;1;3
3918;79;66.7890625;37.0859375;-10.3046875;1;3
3965;80;31.9296875;36.2109375;3.21875;1;3
4062;81;10.765625;11.5546875;-0.5078125;1;3
4065;82;10.765625;11.5546875;-0.5078125;1;3
4158;83;-40.2890625;-4.8203125;-24.2421875;1;3
4162;84;-11.296875;-18.6796875;-32.46875;1;3
4259;85;-12.625;-26.828125;-35.671875;1;3
4308;86;18.859375;-38.703125;-15.1796875;1;3
4355;87;29.3515625;-29.65625;0.9609375;1;3
4403;88;78.4453125;-27.6796875;8.796875;1;3
4454;89;111.015625;-26.0078125;5.4765625;1;3
4501;90;99.171875;-26.6640625;-10.78125;1;3
4551;91;97.546875;-26.3828125;-20.328125;1;3
4600;92;86.2734375;-17.7890625;-1.859375;1;3
4648;93;133.1953125;-2.953125;18.1484375;1;3
4695;94;167.6171875;11.5;43.140625;1;3
4744;95;28.3984375;34.9921875;10.0234375;1;3
4793;96;80.8046875;30.9609375;-16.1640625;1;3
4842;97;95.7890625;31.765625;8.2265625;1;3
4891;98;-95.8984375;-24.3359375;-25.1796875;1;3
4939;99;20.125;4.1171875;-13.375;1;3
4990;100;0.5390625;26.078125;16.046875;1;3
5037;101;28.921875;27.296875;22.109375;1;3
5086;102;18.65625;27.6953125;17.3671875;1;3
5135;103;29.0703125;25.859375;4.859375;1;3
5185;104;23.4609375;7.40625;-6.6875;1;3
5230;105;41.34375;-6.4375;-11.75;1;3
5281;106;-2.84375;-7.2265625;-16.0625;1;3
5330;107;2.1015625;-8.03125;-20.203125;1;3
5379;108;-2.25;-7.484375;-20.8125;1;3
5428;109;-7.9140625;0.8359375;-5.375;1;3
5476;110;-12.5078125;0.875;-6.34375;1;3
5525;111;-12.5625;0.1640625;0.0234375;1;3
5574;112;-4.7578125;0.0859375;-1.5703125;1;3
5625;113;-0.6953125;0.9921875;0.5546875;1;3
5670;114;14.65625;-1.25;0.1953125;1;3
5719;115;23.4453125;-3.46875;0.046875;1;3
5768;116;8.953125;-0.125;-3.0625;1;3
5817;117;2.28125;-0.09375;-3.1875;1;3
5868;118;-8.2109375;0.390625;-3.203125;1;3
5917;119;-5.4375;0.03125;-4.9140625;1;3
6014;120;-5.3125;-1.8984375;-8.546875;1;3
6020;121;-5.3125;-1.8984375;-8.546875;1;3
6111;122;-4.703125;-2.0234375;-6.6796875;1;3
6115;123;-10.1328125;-0.40625;-6.8515625;1;3
6209;124;-10.625;0.53125;-6.9140625;1;3
6258;125;-11.875;0.875;-6.953125;1;3
6308;126;-12.984375;-2.390625;-5.546875;1;3
6355;127;-13.1640625;-0.78125;-3.59375;1;3
6407;128;-18.203125;-2.3125;-4.5859375;1;3
6452;129;-9.71875;-0.984375;-1.5390625;1;3
6500;130;-1.625;4;-5.2109375;1;3
6549;131;-7.828125;7.2578125;-1.671875;1;3
6598;132;-7.2109375;5.2421875;3.9921875;1;3
6654;133;-21.140625;6.109375;2.1328125;1;3
6697;134;-19.9140625;-5.7109375;-3.8125;1;3
6742;135;0.6328125;-6.3125;-8.6875;1;3
6797;136;1.359375;-5.7109375;-7.3984375;1;3
6841;137;-1.9140625;-10.265625;-11.015625;1;3
6890;138;-9.3828125;0.484375;-14.0546875;1;3
6939;139;12.1953125;-6.6171875;-6.8359375;1;3
6994;140;7.8203125;-1.6875;-11.5703125;1;3
7038;141;21.0390625;-15.7421875;-8.3828125;1;3
7085;142;14.125;-19.5;-8.8671875;1;3
7133;143;-27.40625;0.4140625;7.59375;1;3
7182;144;78.140625;32.65625;42.5703125;1;3
7232;145;119.9609375;83.359375;84.2265625;1;3
7280;146;108.078125;20.671875;107.890625;1;3
7328;147;-219.125;-103.234375;-21.140625;1;3
7377;148;-125.359375;-123.4609375;-28.28125;1;3
7430;149;-24.1015625;-137.15625;-11.4140625;1;3
7475;150;-124.328125;-112.59375;-39.5078125;1;3
7524;151;-94.203125;-71.265625;-42.1328125;1;3
7573;152;-32.2578125;-26.9765625;-19.171875;1;3
7624;153;-6.9296875;28.8671875;9.6953125;1;3
7670;154;-39.6640625;61.53125;37.6484375;1;3
7718;155;-77.03125;78.484375;55.21875;1;3
7775;156;-101.2265625;89.7578125;79.890625;1;3
7817;157;-127.671875;76.9921875;94.9609375;1;3
7868;158;-134.2109375;76.8046875;97.0390625;1;3
7967;159;-63.9375;54.046875;75.3046875;1;3
7974;160;-63.9375;54.046875;75.3046875;1;3
8061;161;-15.75;51.9609375;66.5078125;1;3
8067;162;-15.75;51.9609375;66.5078125;1;3
8161;163;-58.5546875;41.6484375;60.7890625;1;3
8208;164;-101.6171875;37.5390625;65.875;1;3
8255;165;-48.46875;16.4296875;31.0390625;1;3
8304;166;25.96875;-17.8828125;-42.7265625;1;3
8354;167;23.828125;-50.546875;-91.9375;1;3
8403;168;20.4921875;-61.390625;-111.828125;1;3
8452;169;50.0625;-67.84375;-112.53125;1;3
8499;170;48.9921875;-73.8828125;-110.90625;1;3
8549;171;31.90625;-71.8125;-110.09375;1;3
8596;172;32.234375;-68.5;-108.7421875;1;3
8648;173;12.2734375;-53.078125;-99.765625;1;3
8696;174;-2.9453125;-35.53125;-92.8359375;1;3
8743;175;-7.8828125;-13.3046875;-76.078125;1;3
8799;176;0.75;13.484375;-38.4921875;1;3
8841;177;6.0859375;41.7890625;11.8671875;1;3
8894;178;18.796875;61.8359375;57.2578125;1;3
8938;179;27.0390625;69.953125;88.140625;1;3
8988;180;26.796875;59.9296875;91.234375;1;3
9035;181;-19.984375;49.3046875;88.03125;1;3
9083;182;-80.6171875;44.6640625;91.6484375;1;3
9136;183;-95.3515625;38.703125;101.8125;1;3
9183;184;-89.3671875;40.0703125;113.90625;1;3
9235;185;-56.203125;34.53125;94.5859375;1;3
9280;186;25.7578125;24.0625;46.109375;1;3
9333;187;64.2890625;1.5;-10.6796875;1;3
9377;188;29.265625;-23.203125;-51.046875;1;3
9428;189;-19.3125;-45.9296875;-87.0703125;1;3
9476;190;-42.1328125;-58.8671875;-117.8984375;1;3
9527;191;-21.015625;-60.46875;-133.90625;1;3
9572;192;5.140625;-53.4921875;-128.703125;1;3
9622;193;12.5625;-48.5703125;-108.921875;1;3
9670;194;5.609375;-33.4296875;-81.0078125;1;3
9719;195;8.2109375;-18.4296875;-48.3125;1;3
9767;196;-8.3125;-1.78125;-9.234375;1;3
9820;197;-9.640625;16.7265625;26.234375;1;3
9917;198;-5.125;31.9609375;61.921875;1;3
9934;199;-10.7109375;45.140625;97.9765625;1;3
10011;200;3.8984375;56.3828125;121.4921875;1;3
10015;201;3.8984375;56.3828125;121.4921875;1;3
10111;202;18.7265625;45.1484375;99.8671875;1;3
10158;203;11.859375;31.7265625;66.890625;1;3
10206;204;-0.953125;15.6484375;28.5390625;1;3
10256;205;-4.4765625;2.765625;-3.2109375;1;3
10308;206;-2.078125;-11;-23.4609375;1;3
10354;207;-6.8515625;-19.90625;-41.8203125;1;3
10402;208;-11.046875;-27.4609375;-61.703125;1;3
10450;209;-8.328125;-31.7421875;-75.890625;1;3
10498;210;-2.8828125;-34.5546875;-81.7578125;1;3
10550;211;4.4765625;-29.625;-79.453125;1;3
10597;212;5.84375;-23.375;-70.3359375;1;3
10645;213;6.828125;-16.3359375;-50.3125;1;3
10691;214;2.4609375;-3.7109375;-24.8046875;1;3
10740;215;3.0859375;7.3671875;3.390625;1;3
10793;216;4.671875;17.9375;30.75;1;3
10841;217;2.5234375;26.9140625;51.484375;1;3
10889;218;-8.7734375;28.2890625;65.1796875;1;3
10936;219;-20.15625;25.125;70.2890625;1;3
10985;220;-16.6171875;21.4609375;62.203125;1;3
11036;221;-10.6796875;17.1171875;45.9453125;1;3
11082;222;-10.2109375;9.875;27.4765625;1;3
11131;223;-12.1171875;3.421875;9.9140625;1;3
11181;224;-12.7890625;-1.203125;-3.28125;1;3
11229;225;-11.171875;-5.796875;-18.53125;1;3
11279;226;-7.390625;-10.8046875;-27.2265625;1;3
11331;227;-6.6484375;-12.3359375;-35.3125;1;3
11376;228;-1.625;-12.4921875;-40.53125;1;3
11425;229;2.5703125;-11;-38.78125;1;3
11472;230;3.6328125;-7.046875;-31.9921875;1;3
11520;231;6.0546875;-6.6640625;-23.5;1;3
11572;232;3.03125;-4.0390625;-13.5390625;1;3
11618;233;2.0703125;0.84375;-3.0859375;1;3
11668;234;0.78125;1.84375;3.25;1;3
11716;235;-1.0078125;6.828125;11.7265625;1;3
11767;236;-2.609375;10.2265625;17.828125;1;3
11862;237;-2.5859375;9.03125;22.4375;1;3
11868;238;-2.5859375;9.03125;22.4375;1;3
11962;239;-3.8671875;7.046875;15.7578125;1;3
11969;240;-3.5078125;6.078125;7.6328125;1;3
12060;241;-6.7109375;1.359375;2.265625;1;3
12109;242;-5.078125;-0.6328125;-4.0625;1;3
12156;243;-6.4609375;-2.0234375;-5.1796875;1;3
12207;244;-3.3984375;-1.1796875;-10.2421875;1;3
12253;245;-6.03125;-4.609375;-12.6875;1;3
12303;246;-3.890625;-3.4765625;-14.359375;1;3
12351;247;-3.3671875;-3.0703125;-11.6484375;1;3
12399;248;-3.1484375;-4.078125;-9.4375;1;3
12449;249;-3.1640625;0.0078125;-5.0546875;1;3
12497;250;-1.8203125;-0.4296875;-2.7421875;1;3
12588;251;-2.4609375;2.5546875;2.2890625;1;3
12620;252;-4.3359375;1.5078125;3.8046875;1;3
12663;253;-4.25;1.7890625;6.3984375;1;3
12708;254;-1.3515625;1.9609375;3.890625;1;3
12752;255;-4.4375;4.09375;6.3046875;1;3
12794;256;-1.8515625;2.765625;4.4453125;1;3
12856;257;-4.5234375;-0.1875;-0.0546875;1;3
12902;258;-1.5390625;0.953125;-1.2578125;1;3
12943;259;-4.9375;-2.421875;-4.9921875;1;3
12988;260;-1.34375;-2.3515625;-6.1796875;1;3
13034;261;-4.359375;-2.921875;-6.5546875;1;3
13099;262;-1.859375;-2.3046875;-6.203125;1;3
13139;263;-1.4453125;0.8125;-2.96875;1;3
13184;264;-2.8203125;-0.078125;-2.4765625;1;3
13234;265;0.1171875;2.09375;0.828125;1;3
13280;266;-2.9375;-0.53125;-0.1328125;1;3
13328;267;-4.234375;0.8984375;0.78125;1;3
13376;268;-2.9296875;-0.6328125;-0.6796875;1;3
13440;269;-1.3828125;2.2734375;-0.5390625;1;3
13487;270;-1.171875;2.3125;0.8984375;1;3
13529;271;-2.71875;2.125;0.0546875;1;3
13577;272;-1.2890625;2.0859375;-1.015625;1;3
13618;273;-1.78125;-0.6328125;-1.9453125;1;3
13683;274;-1.7890625;-0.875;-1.921875;1;3
13729;275;-1.9453125;-0.1953125;-1.5;1;3
13775;276;-4.640625;-0.234375;-2.40625;1;3
13880;277;-1.625;2.0234375;-2.78125;1;3
13886;278;-1.625;2.0234375;-2.78125;1;3
13968;279;-3.2578125;-0.9140625;0.3671875;1;3
13972;280;-3.2578125;-0.9140625;0.3671875;1;3
14064;281;-4.8046875;-0.6015625;-2.6484375;1;3
14122;282;-3.28125;-0.2265625;-2.0703125;1;3
14164;283;-4.3671875;-0.6953125;-1.1171875;1;3
14209;284;-3.578125;0.71875;-1.4609375;1;3
14253;285;-3.2421875;0.3984375;-2.7890625;1;3
14318;286;-3.15625;0.5703125;-2.625;1;3
14364;287;-4.3359375;0.96875;0.1875;1;3
14406;288;-4.796875;0.9375;-0.921875;1;3
14451;289;-4.171875;-0.7265625;0.84375;1;3
14497;290;-4.953125;-0.703125;-1;1;3
14561;291;-4.375;-0.75;-2.6328125;1;3
14602;292;-3.0078125;0.75;-2.7890625;1;3
14646;293;-3.15625;0.3828125;0.484375;1;3
14692;294;-3.5625;0.453125;-2.2734375;1;3
14757;295;-1.859375;-0.9609375;0.6640625;1;3
14803;296;-1.96875;-0.3828125;0.6328125;1;3
14844;297;-1.8125;2.0625;0.171875;1;3
14889;298;-4.0390625;-0.3515625;-2.8203125;1;3
14934;299;-4.140625;-0.4453125;-1.53125;1;3
15000;300;-4.2109375;-0.4453125;-1.0859375;1;3
134;1;46.66666793823242;-23.83333396911621;-135.5;2;3
155;2;46.66666793823242;-23.83333396911621;-135.5;2;3
185;3;44.83333206176758;-23.66666603088379;-136.8333282470703;2;3
188;4;44.83333206176758;-23.66666603088379;-136.8333282470703;2;3
258;5;45.83333206176758;-21.5;-136.3333282470703;2;3
262;6;45.83333206176758;-21.5;-136.3333282470703;2;3
409;7;45;-21.83333396911621;-134.6666717529297;2;3
415;8;45;-21.83333396911621;-134.6666717529297;2;3
506;9;44.83333206176758;-22;-136.5;2;3
513;10;44.83333206176758;-22;-136.5;2;3
556;11;44.5;-63.33333206176758;-136.3333282470703;2;3
605;12;44.83333206176758;-22.5;-136.5;2;3
698;13;45.5;-21.66666603088379;-135.3333282470703;2;3
702;14;46;-22.5;-137.1666717529297;2;3
747;15;44.83333206176758;-22.83333396911621;-137.6666717529297;2;3
845;16;44;-22;-138.3333282470703;2;3
849;17;44.33333206176758;-63.5;-136.5;2;3
894;18;43.5;-23.33333396911621;-136.8333282470703;2;3
944;19;45.16666793823242;-21.66666603088379;-138.3333282470703;2;3
992;20;45.33333206176758;-21.5;-135.8333282470703;2;3
1094;21;47;-21.5;-136.6666717529297;2;3
1102;22;47;-21.5;-136.6666717529297;2;3
1138;23;44.5;-23.83333396911621;-137;2;3
1189;24;44.33333206176758;-64;-137.6666717529297;2;3
1236;25;45.16666793823242;-23.66666603088379;-136.5;2;3
1287;26;45;-23.16666603088379;-138.6666717529297;2;3
1333;27;43.83333206176758;-21.83333396911621;-135.5;2;3
1382;28;46;-64;-136.8333282470703;2;3
1430;29;44.5;-23.16666603088379;-137.8333282470703;2;3
1479;30;43.16666793823242;-22.5;-136.5;2;3
1529;31;44.5;-22.33333396911621;-135.8333282470703;2;3
1577;32;45.83333206176758;-23.83333396911621;-137.5;2;3
1626;33;45.83333206176758;-22.33333396911621;-137.8333282470703;2;3
1676;34;45.33333206176758;-22.33333396911621;-136.6666717529297;2;3
1726;35;45.83333206176758;-21.83333396911621;-137.5;2;3
1773;36;45.83333206176758;-23.5;-136.6666717529297;2;3
1824;37;45.33333206176758;-22.66666603088379;-136.3333282470703;2;3
1871;38;45.16666793823242;-21.66666603088379;-137.1666717529297;2;3
1918;39;45;-24.33333396911621;-136.3333282470703;2;3
1967;40;45.5;-22.83333396911621;-136.5;2;3
2015;41;45.16666793823242;-23.66666603088379;-137.6666717529297;2;3
2119;42;44.83333206176758;-23.33333396911621;-136.5;2;3
2127;43;44.83333206176758;-23.33333396911621;-136.5;2;3
2210;44;44.83333206176758;-23.33333396911621;-136.5;2;3
2214;45;46.66666793823242;-23.16666603088379;-137;2;3
2310;46;46.66666793823242;-23.16666603088379;-137;2;3
2357;47;43.5;-22.83333396911621;-137.1666717529297;2;3
2406;48;44.83333206176758;-22.5;-135.6666717529297;2;3
2455;49;45;-22.66666603088379;-136.3333282470703;2;3
2504;50;45.33333206176758;-21.83333396911621;-136.3333282470703;2;3
2552;51;46.83333206176758;-62;-136.5;2;3
2600;52;44.33333206176758;-63.5;-137.6666717529297;2;3
2649;53;46.83333206176758;-21.66666603088379;-134.8333282470703;2;3
2748;54;44.83333206176758;-21.66666603088379;-136.5;2;3
2754;55;44.5;-22.33333396911621;-135.5;2;3
2797;56;44.5;-23.16666603088379;-136.3333282470703;2;3
2845;57;44.5;-21.5;-136.6666717529297;2;3
2893;58;44.16666793823242;-22.66666603088379;-136.6666717529297;2;3
2942;59;44.83333206176758;-63.5;-134.1666717529297;2;3
2996;60;43.5;-23.33333396911621;-136;2;3
3043;61;46;-21.66666603088379;-136;2;3
3090;62;45.16666793823242;-22.5;-136;2;3
3138;63;46.66666793823242;-23.16666603088379;-135.5;2;3
3186;64;44.33333206176758;-21.66666603088379;-135.3333282470703;2;3
3235;65;46;-63.16666793823242;-135.6666717529297;2;3
3284;66;46.66666793823242;-22.33333396911621;-134;2;3
3332;67;46.33333206176758;-23.33333396911621;-135.3333282470703;2;3
3381;68;46.33333206176758;-23.33333396911621;-134.5;2;3
3430;69;46.16666793823242;-22.66666603088379;-134.3333282470703;2;3
3478;70;46;-22;-133.6666717529297;2;3
3530;71;46.33333206176758;-22;-134.1666717529297;2;3
3576;72;45.16666793823242;-63.5;-135.3333282470703;2;3
3625;73;46.83333206176758;-22;-136.5;2;3
3674;74;46.16666793823242;-22.33333396911621;-137;2;3
3722;75;46.16666793823242;-21.83333396911621;-134.3333282470703;2;3
3775;76;46.66666793823242;-21.5;-135.8333282470703;2;3
3819;77;45.16666793823242;-22;-134.1666717529297;2;3
3868;78;46.16666793823242;-22.33333396911621;-134.3333282470703;2;3
3919;79;47;-21.83333396911621;-134;2;3
3966;80;44.83333206176758;-62.33333206176758;-134.8333282470703;2;3
4063;81;43.83333206176758;-21.5;-135.5;2;3
4066;82;43.83333206176758;-21.5;-135.5;2;3
4160;83;43.83333206176758;-21.5;-135.5;2;3
4164;84;43.83333206176758;-63;-137;2;3
4261;85;43.83333206176758;-63;-137;2;3
4309;86;-0.3333333432674408;-60.66666793823242;-135.6666717529297;2;3
4356;87;-1.666666626930237;-58.83333206176758;-136.6666717529297;2;3
4404;88;-1.666666626930237;-58.83333206176758;-139.8333282470703;2;3
4455;89;-4.333333492279053;-59.5;-140.3333282470703;2;3
4502;90;-6.333333492279053;-58.66666793823242;-145.8333282470703;2;3
4552;91;-8;-58.33333206176758;-149.3333282470703;2;3
4601;92;-11.5;-58.66666793823242;-112.8333358764648;2;3
4652;93;-12;-57;-116.6666641235352;2;3
4696;94;-16.66666603088379;-55.66666793823242;-123.1666641235352;2;3
4744;95;-18.16666603088379;-57.66666793823242;-172;2;3
4794;96;-19.33333396911621;-58.5;-173.1666717529297;2;3
4843;97;20.5;-57.66666793823242;-178.5;2;3
4892;98;18.66666603088379;-57.83333206176758;-183.3333282470703;2;3
4940;99;19;-57.5;-185.3333282470703;2;3
4992;100;19.16666603088379;-56.83333206176758;-184.3333282470703;2;3
5038;101;-20.83333396911621;-57.5;-184.1666717529297;2;3
5087;102;19;-58.33333206176758;-182.6666717529297;2;3
5137;103;20.66666603088379;-58.33333206176758;-184.5;2;3
5187;104;21;-61.5;-185;2;3
5231;105;-21.16666603088379;-59.83333206176758;-186.1666717529297;2;3
5282;106;20.16666603088379;-58.66666793823242;-188;2;3
5332;107;20.66666603088379;-59.16666793823242;-188;2;3
5381;108;-20.66666603088379;-58.16666793823242;-188.3333282470703;2;3
5429;109;21.16666603088379;-57.33333206176758;-190.1666717529297;2;3
5478;110;21;-58.33333206176758;-190;2;3
5526;111;-21;-58.16666793823242;-191.3333282470703;2;3
5575;112;-21.16666603088379;-58.66666793823242;-187.3333282470703;2;3
5626;113;19.83333396911621;-59.5;-188.8333282470703;2;3
5671;114;21;-58.33333206176758;-187.6666717529297;2;3
5720;115;-20.66666603088379;-56;-189.8333282470703;2;3
5769;116;19.66666603088379;-56.5;-191.3333282470703;2;3
5818;117;-20.83333396911621;-57;-191.1666717529297;2;3
5869;118;20.83333396911621;-58.16666793823242;-150.1666717529297;2;3
5919;119;21.16666603088379;-58.16666793823242;-191.3333282470703;2;3
6016;120;-21.16666603088379;-57.83333206176758;-192;2;3
6021;121;-21.16666603088379;-57.83333206176758;-192;2;3
6112;122;-21.16666603088379;-57.83333206176758;-192;2;3
6117;123;20;-56.5;-189.5;2;3
6211;124;20;-56.5;-189.5;2;3
6260;125;20.83333396911621;-56.83333206176758;-190.6666717529297;2;3
6312;126;21;-56.66666793823242;-190;2;3
6356;127;21.16666603088379;-56.5;-188.6666717529297;2;3
6408;128;20.66666603088379;-57.5;-188.8333282470703;2;3
6453;129;20.66666603088379;-56.33333206176758;-191.1666717529297;2;3
6501;130;20;-55.66666793823242;-189.8333282470703;2;3
6551;131;19.83333396911621;-56.33333206176758;-188;2;3
6599;132;19.16666603088379;-56;-189;2;3
6655;133;18.66666603088379;-57;-187.6666717529297;2;3
6698;134;21;-56.66666793823242;-188;2;3
6743;135;18.83333396911621;-55.33333206176758;-186;2;3
6800;136;20.16666603088379;-54.66666793823242;-187.6666717529297;2;3
6843;137;17.5;-55.5;-187.3333282470703;2;3
6891;138;17.16666603088379;-54;-187.1666717529297;2;3
6940;139;17.16666603088379;-54.83333206176758;-186.6666717529297;2;3
6996;140;16.66666603088379;-56.33333206176758;-188.5;2;3
7040;141;17.5;-54.33333206176758;-188;2;3
7086;142;17.66666603088379;-56;-190.1666717529297;2;3
7134;143;19.16666603088379;-53.66666793823242;-191.3333282470703;2;3
7183;144;21;-53.83333206176758;-191.5;2;3
7233;145;18.83333396911621;-56;-150.1666717529297;2;3
7281;146;21;-57;-150.5;2;3
7330;147;-15.16666698455811;-59.83333206176758;-150.8333282470703;2;3
7378;148;-15;-58.16666793823242;-187.5;2;3
7434;149;-12.16666698455811;-58.5;-179.6666717529297;2;3
7476;150;-10.8333330154419;-57;-180.6666717529297;2;3
7526;151;-10.3333330154419;-56.66666793823242;-180.6666717529297;2;3
7574;152;-10.8333330154419;-55.83333206176758;-176.5;2;3
7625;153;-11.3333330154419;-56.5;-177;2;3
7671;154;-8.833333015441895;-57.83333206176758;-177.6666717529297;2;3
7719;155;-10;-58.33333206176758;-176.8333282470703;2;3
7777;156;-8.333333015441895;-60.66666793823242;-173.6666717529297;2;3
7819;157;-8;-62.33333206176758;-126;2;3
7871;158;-5.166666507720947;-63.5;-117.5;2;3
7969;159;45.83333206176758;-24.66666603088379;-143.1666717529297;2;3
7976;160;45.83333206176758;-24.66666603088379;-143.1666717529297;2;3
8063;161;51.83333206176758;-26.66666603088379;-134.6666717529297;2;3
8069;162;51.83333206176758;-26.66666603088379;-134.6666717529297;2;3
8163;163;51.83333206176758;-26.66666603088379;-134.6666717529297;2;3
8209;164;56;-28.16666603088379;-128.3333282470703;2;3
8256;165;56.66666793823242;-27.5;-83.83333587646484;2;3
8305;166;60.5;-25.33333396911621;-79.83333587646484;2;3
8355;167;59.83333206176758;-26.33333396911621;-79.16666412353516;2;3
8404;168;57;-27.5;-84.33333587646484;2;3
8454;169;53.5;-24.33333396911621;-131.6666717529297;2;3
8500;170;49;-25.16666603088379;-137;2;3
8550;171;45;-24.66666603088379;-142.5;2;3
8597;172;-0.3333333432674408;-22.5;-146.5;2;3
8650;173;-3.5;-64;-109;2;3
8698;174;-8.166666984558106;-62.5;-113.8333358764648;2;3
8745;175;-7;-62.16666793823242;-116.1666641235352;2;3
8801;176;-8.833333015441895;-60.66666793823242;-116.3333358764648;2;3
8843;177;-10.3333330154419;-57.83333206176758;-116.3333358764648;2;3
8896;178;-10.8333330154419;-58.33333206176758;-117.5;2;3
8939;179;-7.666666507720947;-60.16666793823242;-117.3333358764648;2;3
8989;180;-8.833333015441895;-61.5;-115.1666641235352;2;3
9035;181;-8.166666984558106;-61.66666793823242;-113.3333358764648;2;3
9086;182;-6;-64;-111.6666641235352;2;3
9137;183;-3.333333253860474;-23.16666603088379;-106.8333358764648;2;3
9184;184;44.5;-23.83333396911621;-143.6666717529297;2;3
9237;185;46;-26.16666603088379;-139.1666717529297;2;3
9282;186;52.66666793823242;-28.33333396911621;-132.8333282470703;2;3
9336;187;55;-27.5;-131.1666717529297;2;3
9379;188;53.16666793823242;-26.16666603088379;-131.3333282470703;2;3
9429;189;51.66666793823242;-27;-134.8333282470703;2;3
9477;190;50.66666793823242;-26.66666603088379;-137.8333282470703;2;3
9529;191;48.66666793823242;-25.16666603088379;-141.3333282470703;2;3
9573;192;43.5;-22.83333396911621;-143;2;3
9624;193;-1.666666626930237;-22.33333396911621;-147.8333282470703;2;3
9671;194;-6.166666507720947;-63.66666793823242;-108.6666641235352;2;3
9720;195;-6.5;-62.5;-111;2;3
9768;196;-8.333333015441895;-61.5;-112;2;3
9822;197;-6.333333492279053;-59.5;-111.3333358764648;2;3
9921;198;-6.333333492279053;-59.5;-111.3333358764648;2;3
9935;199;-6.166666507720947;-60.16666793823242;-110.3333358764648;2;3
10012;200;-1.666666626930237;-23.5;-146.6666717529297;2;3
10016;201;-1.666666626930237;-23.5;-146.6666717529297;2;3
10113;202;-1.666666626930237;-23.5;-146.6666717529297;2;3
10159;203;47.33333206176758;-25.83333396911621;-142;2;3
10208;204;47.33333206176758;-25.83333396911621;-140.1666717529297;2;3
10259;205;48.16666793823242;-27.16666603088379;-138.6666717529297;2;3
10310;206;49.66666793823242;-24.16666603088379;-138;2;3
10355;207;48;-26.16666603088379;-139.5;2;3
10404;208;47.16666793823242;-24.83333396911621;-139.5;2;3
10451;209;44.5;-25.16666603088379;-141.6666717529297;2;3
10499;210;45.83333206176758;-24.66666603088379;-144;2;3
10552;211;-2.166666746139526;-23.83333396911621;-146;2;3
10598;212;-3.5;-22.5;-148.8333282470703;2;3
10647;213;-4.166666507720947;-21.83333396911621;-107.5;2;3
10692;214;-6.166666507720947;-61.66666793823242;-109.5;2;3
10741;215;-6.5;-63.33333206176758;-110.6666641235352;2;3
10795;216;-6.333333492279053;-62;-109.3333358764648;2;3
10843;217;-6.166666507720947;-63.33333206176758;-108.6666641235352;2;3
10890;218;-3.5;-63.5;-109;2;3
10937;219;-3.166666746139526;-21.66666603088379;-148.8333282470703;2;3
10986;220;-1.833333373069763;-22.5;-147.6666717529297;2;3
11037;221;-0.8333333134651184;-23.16666603088379;-146.3333282470703;2;3
11083;222;45.83333206176758;-23.83333396911621;-144.8333282470703;2;3
11132;223;43.83333206176758;-25.16666603088379;-143.6666717529297;2;3
11182;224;45.16666793823242;-25.33333396911621;-143;2;3
11230;225;46;-24.5;-142.3333282470703;2;3
11280;226;46.33333206176758;-24.16666603088379;-142.3333282470703;2;3
11333;227;45.83333206176758;-24.33333396911621;-141;2;3
11377;228;44.83333206176758;-24.83333396911621;-141.5;2;3
11426;229;-0.1666666716337204;-23.83333396911621;-143.6666717529297;2;3
11474;230;43.16666793823242;-22.5;-144.1666717529297;2;3
11521;231;-2.666666746139526;-63.16666793823242;-145;2;3
11573;232;-2.666666746139526;-22.5;-146.1666717529297;2;3
11618;233;-1.5;-63.16666793823242;-148.5;2;3
11669;234;-2.666666746139526;-21.66666603088379;-146.5;2;3
11717;235;-1.666666626930237;-21.83333396911621;-147.8333282470703;2;3
11768;236;-0.3333333432674408;-22.83333396911621;-147;2;3
11863;237;-1.5;-22.5;-146.5;2;3
11869;238;-1.5;-22.5;-146.5;2;3
11964;239;-1.5;-22.5;-146.5;2;3
11971;240;43.5;-24.16666603088379;-145;2;3
12061;241;43.5;-24.16666603088379;-145;2;3
12111;242;43;-23.16666603088379;-144.3333282470703;2;3
12157;243;43.16666793823242;-24.83333396911621;-145.3333282470703;2;3
12209;244;44;-22.83333396911621;-145;2;3
12255;245;-0.3333333432674408;-23.66666603088379;-143.5;2;3
12304;246;43;-23.5;-144;2;3
12352;247;43;-23.16666603088379;-145.1666717529297;2;3
12400;248;-0.6666666865348816;-63.16666793823242;-146.5;2;3
12451;249;-1.5;-22.5;-146.5;2;3
12498;250;-1.166666626930237;-22.83333396911621;-144.1666717529297;2;3
12589;251;-0.6666666865348816;-63.5;-145;2;3
12624;252;-1.666666626930237;-21.5;-144.3333282470703;2;3
12664;253;-1.5;-22.5;-145.3333282470703;2;3
12709;254;-0.6666666865348816;-22;-145.8333282470703;2;3
12753;255;-0.1666666716337204;-21.83333396911621;-145.1666717529297;2;3
12795;256;-2.333333253860474;-21.66666603088379;-145.3333282470703;2;3
12857;257;43;-23.16666603088379;-145.1666717529297;2;3
12903;258;42.83333206176758;-22.5;-143.8333282470703;2;3
12944;259;-1.666666626930237;-23.83333396911621;-144.8333282470703;2;3
12989;260;-1.166666626930237;-24.5;-144.1666717529297;2;3
13035;261;-0.5;-23.5;-143.6666717529297;2;3
13099;262;-0.3333333432674408;-23.66666603088379;-145.3333282470703;2;3
13140;263;-1.166666626930237;-21.66666603088379;-145.3333282470703;2;3
13185;264;-0.1666666716337204;-23.16666603088379;-145.5;2;3
13235;265;-0.8333333134651184;-22.66666603088379;-145.1666717529297;2;3
13281;266;43;-22.33333396911621;-147.1666717529297;2;3
13329;267;-0.1666666716337204;-21.5;-145.1666717529297;2;3
13377;268;-0.6666666865348816;-22;-145;2;3
13441;269;-0.1666666716337204;-22.66666603088379;-146;2;3
13487;270;-1.5;-22.83333396911621;-144.1666717529297;2;3
13530;271;-1.333333373069763;-23.16666603088379;-146.6666717529297;2;3
13578;272;-0.5;-24.33333396911621;-146.6666717529297;2;3
13619;273;-1.833333373069763;-22.83333396911621;-146.5;2;3
13684;274;-0.8333333134651184;-22.33333396911621;-145.1666717529297;2;3
13730;275;43.5;-22.83333396911621;-147.6666717529297;2;3
13776;276;-0.5;-21.83333396911621;-144.3333282470703;2;3
13881;277;-1.666666626930237;-22.66666603088379;-144.3333282470703;2;3
13887;278;-1.666666626930237;-22.66666603088379;-144.3333282470703;2;3
13969;279;-1.666666626930237;-24.33333396911621;-146.6666717529297;2;3
13973;280;-1.666666626930237;-24.33333396911621;-146.6666717529297;2;3
14065;281;-1.666666626930237;-24.33333396911621;-146.6666717529297;2;3
14123;282;42.83333206176758;-24.16666603088379;-145.8333282470703;2;3
14165;283;43;-21.5;-145.1666717529297;2;3
14210;284;-1.333333373069763;-23.83333396911621;-145.5;2;3
14254;285;-0.8333333134651184;-22.66666603088379;-145.5;2;3
14319;286;43.83333206176758;-22.33333396911621;-144.3333282470703;2;3
14365;287;-0.8333333134651184;-22.66666603088379;-146;2;3
14407;288;-1.666666626930237;-22.33333396911621;-145.1666717529297;2;3
14451;289;-0.5;-23.83333396911621;-144.8333282470703;2;3
14498;290;-1.5;-22.5;-143.8333282470703;2;3
14562;291;43;-23.83333396911621;-144;2;3
14602;292;43;-21.83333396911621;-146.6666717529297;2;3
14647;293;43;-63.66666793823242;-144.8333282470703;2;3
14693;294;-0.1666666716337204;-22.66666603088379;-145.5;2;3
14758;295;-0.5;-23.83333396911621;-145.5;2;3
14804;296;43.5;-22.83333396911621;-145;2;3
14845;297;-1.166666626930237;-23.66666603088379;-143.5;2;3
14890;298;-0.3333333432674408;-23.66666603088379;-143.5;2;3
14935;299;-0.1666666716337204;-22.33333396911621;-144.3333282470703;2;3
15000;300;-2.333333253860474;-21.66666603088379;-144.6666717529297;2;3
142;0;0.9775390625;0.055419921875;0.06396484375;0;4
167;1;0.9775390625;0.055419921875;0.06396484375;0;4
177;2;0.974853515625;0.05517578125;0.064697265625;0;4
192;3;0.974853515625;0.05517578125;0.064697265625;0;4
219;4;0.976806640625;0.054443359375;0.06689453125;0;4
269;5;0.977294921875;0.052001953125;-0.00732421875;0;4
320;6;0.97802734375;0.055419921875;-0.004150390625;0;4
367;7;0.979736328125;0.053955078125;-0.001953125;0;4
423;8;0.97265625;0.0546875;-0.00537109375;0;4
462;9;0.973876953125;0.0537109375;-0.001220703125;0;4
522;10;0.9765625;0.052734375;-0;0;4
563;11;0.979248046875;0.054931640625;-0.001953125;0;4
613;12;0.976806640625;0.052978515625;-0.00048828125;0;4
679;13;0.9755859375;0.05224609375;0.06298828125;0;4
708;14;0.978515625;0.055419921875;-0.00390625;0;4
755;15;0.977294921875;0.056640625;-0.000244140625;0;4
806;16;0.978271484375;0.056396484375;0.06591796875;0;4
855;17;0.97607421875;0.0546875;0.065673828125;0;4
902;18;0.9765625;0.054931640625;-0.00439453125;0;4
951;19;0.97412109375;0.056884765625;0.063720703125;0;4
999;20;0.97607421875;0.05615234375;-0.00439453125;0;4
1048;21;0.975830078125;0.056884765625;-0.0029296875;0;4
1110;22;0.978271484375;0.053466796875;0.06298828125;0;4
1147;23;0.97802734375;0.052490234375;-0.0009765625;0;4
1197;24;0.972412109375;0.0546875;0.064453125;0;4
1244;25;0.974365234375;0.05810546875;-0.00634765625;0;4
1294;26;0.97802734375;0.0546875;-0.00732421875;0;4
1340;27;0.972900390625;0.052734375;0.062744140625;0;4
1389;28;0.97314453125;0.059326171875;-0.002197265625;0;4
1438;29;0.976318359375;0.054443359375;0.064697265625;0;4
1487;30;0.981201171875;0.057861328125;0.06298828125;0;4
1536;31;0.97509765625;0.057373046875;-0.002685546875;0;4
1585;32;0.975830078125;0.057373046875;-0.001220703125;0;4
1634;33;0.976318359375;0.0615234375;0.06591796875;0;4
1734;34;0.977294921875;0.05859375;-0.00244140625;0;4
1740;35;0.977294921875;0.05859375;-0.00244140625;0;4
1833;36;0.974853515625;0.0595703125;-0.000244140625;0;4
1840;37;0.974853515625;0.0595703125;-0.000244140625;0;4
1927;38;0.979736328125;0.053955078125;-0.00439453125;0;4
1975;39;0.977783203125;0.05859375;-0.004638671875;0;4
2024;40;0.976806640625;0.053466796875;-0.0009765625;0;4
2073;41;0.978515625;0.054931640625;0.063232421875;0;4
2133;42;0.97900390625;0.060791015625;0.062744140625;0;4
2169;43;0.97607421875;0.05859375;-0.00244140625;0;4
2220;44;0.9765625;0.0576171875;-0.002685546875;0;4
2268;45;0.973388671875;0.055908203125;0.062744140625;0;4
2317;46;0.973876953125;0.0556640625;0.06298828125;0;4
2364;47;0.98291015625;0.056640625;-0.002197265625;0;4
2413;48;0.97705078125;0.055908203125;0.063232421875;0;4
2462;49;0.976318359375;0.058349609375;-0.00439453125;0;4
2513;50;0.97607421875;0.052490234375;0.06494140625;0;4
2560;51;0.976806640625;0.0498046875;-0.003173828125;0;4
2609;52;0.980224609375;0.05126953125;-0.00048828125;0;4
2657;53;0.974365234375;0.052734375;-0.002685546875;0;4
2707;54;0.97998046875;0.051025390625;-0;0;4
2762;55;0.977294921875;0.049560546875;0.06494140625;0;4
2805;56;0.978271484375;0.054443359375;0.0703125;0;4
2853;57;0.976318359375;0.053955078125;-0.00244140625;0;4
2901;58;0.978759765625;0.049560546875;0.067138671875;0;4
2950;59;0.977783203125;0.047607421875;-0.001708984375;0;4
3007;60;0.978271484375;0.0478515625;0.063720703125;0;4
3052;61;0.979736328125;0.03466796875;0.070556640625;0;4
3098;62;0.980712890625;0.036376953125;0.072265625;0;4
3145;63;0.9755859375;0.059326171875;0.0703125;0;4
3195;64;0.975830078125;0.074462890625;-0.001708984375;0;4
3242;65;0.97998046875;0.041748046875;0.073974609375;0;4
3291;66;0.985107421875;0.089111328125;0.07177734375;0;4
3340;67;0.9794921875;0.08154296875;-0.002685546875;0;4
3389;68;0.97998046875;0.083984375;-0.00390625;0;4
3438;69;0.9853515625;-0.00244140625;-0.00732421875;0;4
3487;70;0.975830078125;0.062744140625;-0.005615234375;0;4
3535;71;0.98583984375;-0.012939453125;-0.006103515625;0;4
3584;72;0.979736328125;-0.0087890625;0.062744140625;0;4
3681;73;0.981201171875;-0.02880859375;0.068115234375;0;4
3686;74;0.981201171875;-0.02880859375;0.068115234375;0;4
3785;75;0.983642578125;0.093505859375;0.03515625;0;4
3789;76;0.983642578125;0.093505859375;0.03515625;0;4
3877;77;1.032958984375;0.147705078125;-0.0224609375;0;4
3927;78;1.269775390625;0.113525390625;-0.381103515625;0;4
3973;79;1.01123046875;-0.104736328125;-0.081787109375;0;4
4023;80;0.798583984375;0.008056640625;-0.133544921875;0;4
4072;81;0.8857421875;-0.097900390625;0.0546875;0;4
4120;82;0.98681640625;-0.79541015625;-0.66064453125;0;4
4169;83;1.50830078125;-0.47802734375;-0.083251953125;0;4
4218;84;1.1904296875;0.218017578125;-0.284423828125;0;4
4269;85;0.913330078125;-0.0458984375;-0.163330078125;0;4
4315;86;0.97607421875;-0.031982421875;-0.219970703125;0;4
4365;87;0.87890625;-0.0166015625;-0.466796875;0;4
4462;88;0.986572265625;0.093994140625;-0.4296875;0;4
4467;89;0.986572265625;0.093994140625;-0.4296875;0;4
4511;90;0.726318359375;-0.14794921875;-0.59375;0;4
4559;91;0.8046875;-0.091796875;-0.488525390625;0;4
4609;92;0.662841796875;-0.104736328125;-0.701904296875;0;4
4658;93;0.783203125;-0.031494140625;-0.700439453125;0;4
4703;94;0.645263671875;-0.115478515625;-0.664794921875;0;4
4753;95;0.723388671875;-0.13232421875;-0.611572265625;0;4
4802;96;0.609619140625;-0.31494140625;-0.712646484375;0;4
4851;97;0.768310546875;-0.15380859375;-0.669677734375;0;4
4900;98;0.66455078125;-0.254638671875;-0.709228515625;0;4
4948;99;0.69921875;-0.141357421875;-0.76513671875;0;4
4999;100;0.7099609375;-0.015869140625;-0.7197265625;0;4
5046;101;0.705810546875;-0.078125;-0.7529296875;0;4
5098;102;0.662109375;-0.152099609375;-0.71826171875;0;4
5144;103;0.659912109375;-0.0595703125;-0.67431640625;0;4
5193;104;0.667236328125;-0.120849609375;-0.658935546875;0;4
5240;105;0.666259765625;-0.190185546875;-0.710205078125;0;4
5290;106;0.710205078125;-0.2080078125;-0.656982421875;0;4
5339;107;0.658447265625;-0.097412109375;-0.67919921875;0;4
5392;108;0.707763671875;-0.15478515625;-0.67626953125;0;4
5437;109;0.71044921875;-0.113525390625;-0.67724609375;0;4
5485;110;0.657470703125;-0.203125;-0.755126953125;0;4
5534;111;0.713623046875;-0.062255859375;-0.66552734375;0;4
5634;112;0.701904296875;-0.093994140625;-0.758056640625;0;4
5638;113;0.701904296875;-0.093994140625;-0.758056640625;0;4
5728;114;0.620849609375;-0.13720703125;-0.7587890625;0;4
5733;115;0.701904296875;-0.104248046875;-0.683837890625;0;4
5826;116;0.697998046875;-0.1494140625;-0.752197265625;0;4
5882;117;0.693359375;-0.107177734375;-0.680419921875;0;4
5927;118;0.69482421875;-0.097412109375;-0.68701171875;0;4
5973;119;0.69091796875;-0.098876953125;-0.753662109375;0;4
6027;120;0.6201171875;-0.148193359375;-0.763916015625;0;4
6071;121;0.615234375;-0.109130859375;-0.761962890625;0;4
6122;122;0.60888671875;-0.103759765625;-0.774658203125;0;4
6167;123;0.617431640625;-0.110595703125;-0.768798828125;0;4
6221;124;0.61669921875;-0.107666015625;-0.764404296875;0;4
6268;125;0.617431640625;-0.15625;-0.765869140625;0;4
6327;126;0.619873046875;-0.095703125;-0.772705078125;0;4
6363;127;0.606201171875;-0.139892578125;-0.769775390625;0;4
6418;128;0.6015625;-0.146728515625;-0.733642578125;0;4
6460;129;0.652587890625;-0.06005859375;-0.736083984375;0;4
6512;130;0.595458984375;-0.057861328125;-0.72412109375;0;4
6559;131;0.627197265625;-0.0478515625;-0.741943359375;0;4
6608;132;0.55908203125;-0.101806640625;-0.738525390625;0;4
6663;133;0.64892578125;-0.154296875;-0.761962890625;0;4
6705;134;0.598388671875;-0.05859375;-0.771484375;0;4
6751;135;0.64697265625;-0.0888671875;-0.812744140625;0;4
6814;136;0.632568359375;-0.057861328125;-0.82421875;0;4
6851;137;0.555419921875;-0.061279296875;-0.821533203125;0;4
6898;138;0.6318359375;-0.060791015625;-0.8310546875;0;4
6947;139;0.640869140625;-0.148681640625;-0.81396484375;0;4
7008;140;0.556884765625;-0.145751953125;-0.739501953125;0;4
7047;141;0.640625;-0.086181640625;-0.72705078125;0;4
7094;142;0.640625;-0.1376953125;-0.739501953125;0;4
7143;143;0.54296875;-0.1025390625;-0.77197265625;0;4
7191;144;0.59716796875;-0.1572265625;-0.807861328125;0;4
7240;145;0.542236328125;-0.15283203125;-0.79052734375;0;4
7288;146;0.720703125;-0.11865234375;-0.652099609375;0;4
7337;147;0.688720703125;-0.14892578125;-0.548583984375;0;4
7386;148;0.7998046875;-0.07421875;-0.633056640625;0;4
7449;149;0.743408203125;-0.1962890625;-0.591552734375;0;4
7484;150;0.823486328125;-0.138671875;-0.561767578125;0;4
7582;151;0.78271484375;-0.0771484375;-0.588134765625;0;4
7588;152;0.78271484375;-0.0771484375;-0.588134765625;0;4
7678;153;0.9638671875;-0.0146484375;-0.428955078125;0;4
7682;154;0.967529296875;-0.0791015625;-0.34521484375;0;4
7788;155;0.948974609375;-0.0908203125;-0.366455078125;0;4
7826;156;0.865966796875;-0.042724609375;-0.3291015625;0;4
7882;157;0.857666015625;0.087646484375;-0.2216796875;0;4
7923;158;0.91357421875;0.07080078125;-0.2685546875;0;4
7984;159;0.955322265625;0.189453125;-0.26025390625;0;4
8021;160;1.223388671875;-0.188232421875;-0.0234375;0;4
8076;161;0.84521484375;0.036376953125;-0.03466796875;0;4
8118;162;0.990478515625;0.09423828125;0.029541015625;0;4
8173;163;1.023681640625;0.263671875;-0.056640625;0;4
8216;164;0.985107421875;0.150390625;-0.05810546875;0;4
8265;165;1.002197265625;0.1552734375;-0.1962890625;0;4
8312;166;1.06787109375;0.194580078125;-0.06201171875;0;4
8363;167;0.98583984375;0.04638671875;-0.145263671875;0;4
8412;168;1.008056640625;0.157958984375;-0.03369140625;0;4
8460;169;0.9970703125;0.052001953125;0.023193359375;0;4
8512;170;1.0302734375;0.053466796875;-0.062744140625;0;4
8557;171;1.023193359375;0.055908203125;0.02197265625;0;4
8605;172;0.994384765625;0.041015625;0.0224609375;0;4
8662;173;1.083740234375;-0.05322265625;0.08837890625;0;4
8706;174;1.051025390625;-0.073486328125;0.081787109375;0;4
8752;175;1.04150390625;0.17236328125;0.214111328125;0;4
8813;176;0.9853515625;-0.201416015625;-0.14794921875;0;4
8850;177;1.03759765625;-0.147216796875;-0.15966796875;0;4
8907;178;0.90087890625;0.11962890625;0.0517578125;0;4
8948;179;0.845458984375;0.16455078125;-0.0068359375;0;4
8996;180;0.868408203125;0.09619140625;-0.0361328125;0;4
9044;181;0.9462890625;-0.028076171875;0.70458984375;0;4
9103;182;1.066650390625;0.548583984375;-0.427001953125;0;4
9146;183;1.139892578125;0.30712890625;-0.00146484375;0;4
9192;184;0.9931640625;0.003662109375;0.13671875;0;4
9247;185;0.976318359375;0.06396484375;0.0458984375;0;4
9289;186;1.088623046875;-0.005859375;0.031982421875;0;4
9347;187;1.023193359375;0.0771484375;0.132568359375;0;4
9386;188;1.0283203125;0.135986328125;0.14453125;0;4
9438;189;0.991943359375;0.072265625;0.042724609375;0;4
9543;190;0.981201171875;0.0390625;0.036376953125;0;4
9549;191;0.981201171875;0.0390625;0.036376953125;0;4
9634;192;0.9716796875;0.03662109375;0.033935546875;0;4
9641;193;0.9716796875;0.03662109375;0.033935546875;0;4
9730;194;0.9755859375;0.033447265625;0.031982421875;0;4
9776;195;0.990478515625;0.0810546875;0.0859375;0;4
9834;196;0.9833984375;0.08837890625;0.072998046875;0;4
9873;197;0.98388671875;0.079345703125;0.074951171875;0;4
9938;198;0.98681640625;-0.02001953125;0.06640625;0;4
9970;199;1.02490234375;0.147705078125;0.081787109375;0;4
10021;200;0.9794921875;0.0537109375;0.039306640625;0;4
10068;201;0.9755859375;0.04833984375;0.08203125;0;4
10122;202;0.97314453125;0.062255859375;0.090576171875;0;4
10166;203;0.990966796875;-0.010986328125;0.075927734375;0;4
10216;204;0.976806640625;0.126708984375;0.0380859375;0;4
10265;205;0.973388671875;0.049560546875;0.08544921875;0;4
10322;206;0.975341796875;0.042236328125;0.09130859375;0;4
10362;207;0.974365234375;0.047607421875;0.0341796875;0;4
10414;208;0.97705078125;0.054931640625;0.090576171875;0;4
10459;209;0.978759765625;0.0419921875;0.03466796875;0;4
10507;210;0.976318359375;0.037841796875;0.090087890625;0;4
10562;211;0.982666015625;0.03271484375;0.08935546875;0;4
10605;212;0.9814453125;0.087890625;0.08251953125;0;4
10653;213;0.98193359375;0.03173828125;0.0888671875;0;4
10700;214;0.979736328125;0.03564453125;0.09326171875;0;4
10749;215;0.980224609375;0.03271484375;0.092041015625;0;4
10805;216;0.976318359375;0.0380859375;0.087890625;0;4
10852;217;0.9794921875;0.0390625;0.08740234375;0;4
10897;218;0.980712890625;0.034423828125;0.031982421875;0;4
10945;219;0.981689453125;0.0380859375;0.08935546875;0;4
10993;220;0.984375;0.03759765625;0.090087890625;0;4
11044;221;0.97802734375;0.037353515625;0.092041015625;0;4
11091;222;0.97802734375;0.036865234375;0.08837890625;0;4
11140;223;0.977294921875;0.038330078125;0.085205078125;0;4
11191;224;0.981201171875;0.03515625;0.09326171875;0;4
11238;225;0.983154296875;0.087646484375;0.0888671875;0;4
11287;226;0.978271484375;0.033935546875;0.0810546875;0;4
11340;227;0.985595703125;0.0888671875;0.09228515625;0;4
11384;228;0.982666015625;0.092529296875;0.088134765625;0;4
11484;229;0.975830078125;0.093017578125;0.091552734375;0;4
11489;230;0.975830078125;0.093017578125;0.091552734375;0;4
11580;231;0.9853515625;0.09326171875;0.036376953125;0;4
11586;232;0.9853515625;0.09326171875;0.036376953125;0;4
11676;233;0.98046875;0.033203125;0.091064453125;0;4
11777;234;0.97998046875;0.036865234375;0.093505859375;0;4
11780;235;0.97998046875;0.036865234375;0.093505859375;0;4
11822;236;0.978271484375;0.03173828125;0.09130859375;0;4
11874;237;0.97998046875;0.036865234375;0.032958984375;0;4
11921;238;0.982421875;0.034423828125;0.092041015625;0;4
11981;239;0.976318359375;0.0927734375;0.090087890625;0;4
12019;240;0.98193359375;0.08984375;0.034423828125;0;4
12071;241;0.978759765625;0.033447265625;0.088134765625;0;4
12119;242;0.984130859375;0.09326171875;0.0927734375;0;4
12164;243;0.97900390625;0.03515625;0.03857421875;0;4
12219;244;0.979248046875;0.092041015625;0.039306640625;0;4
12262;245;0.981689453125;0.09326171875;0.089599609375;0;4
12312;246;0.975830078125;0.034912109375;0.091064453125;0;4
12361;247;0.971435546875;0.03515625;0.08544921875;0;4
12408;248;0.976806640625;0.03662109375;0.0927734375;0;4
12458;249;0.978515625;0.089111328125;0.083984375;0;4
12513;250;0.97705078125;0.092041015625;0.09228515625;0;4
12596;251;0.974609375;0.033447265625;0.09033203125;0;4
12630;252;0.978759765625;0.03271484375;0.09033203125;0;4
12669;253;0.978515625;0.0322265625;0.031982421875;0;4
12714;254;0.981201171875;0.032958984375;0.09228515625;0;4
12759;255;0.978759765625;0.032958984375;0.0888671875;0;4
12818;256;0.976806640625;0.03466796875;0.033447265625;0;4
12864;257;0.978271484375;0.037109375;0.08984375;0;4
12909;258;0.977294921875;0.033203125;0.08935546875;0;4
12961;259;0.978515625;0.031494140625;0.09228515625;0;4
13012;260;0.980224609375;0.03515625;0.08935546875;0;4
13058;261;0.982666015625;0.0341796875;0.091552734375;0;4
13106;262;0.9755859375;0.0341796875;0.0908203125;0;4
13157;263;0.98193359375;0.03564453125;0.087158203125;0;4
13207;264;0.975830078125;0.03759765625;0.092529296875;0;4
13253;265;0.97509765625;0.031982421875;0.092041015625;0;4
13304;266;0.978515625;0.033203125;0.0888671875;0;4
13354;267;0.980224609375;0.034912109375;0.0927734375;0;4
13448;268;0.982421875;0.034912109375;0.090576171875;0;4
13452;269;0.982421875;0.034912109375;0.090576171875;0;4
13548;270;0.9755859375;0.031982421875;0.033447265625;0;4
13551;271;0.9755859375;0.031982421875;0.033447265625;0;4
13641;272;0.979248046875;0.034423828125;0.034423828125;0;4
13691;273;0.982421875;0.033935546875;0.0888671875;0;4
13736;274;0.9775390625;0.03759765625;0.034912109375;0;4
13782;275;0.98291015625;0.036865234375;0.031494140625;0;4
13839;276;0.981689453125;0.0380859375;0.09228515625;0;4
13893;277;0.97802734375;0.039306640625;0.091552734375;0;4
13929;278;0.978515625;0.0361328125;0.03857421875;0;4
13988;279;0.980224609375;0.037109375;0.087158203125;0;4
14037;280;0.98046875;0.03759765625;0.093017578125;0;4
14082;281;0.982177734375;0.037109375;0.08984375;0;4
14130;282;0.9775390625;0.032470703125;0.09326171875;0;4
14182;283;0.98193359375;0.03466796875;0.033203125;0;4
14227;284;0.98291015625;0.03466796875;0.031982421875;0;4
14277;285;0.9775390625;0.03662109375;0.033935546875;0;4
14326;286;0.9814453125;0.032470703125;0.086181640625;0;4
14367;287;0.97998046875;0.033935546875;0.090087890625;0;4
14424;288;0.977783203125;0.03466796875;0.092529296875;0;4
14474;289;0.978271484375;0.09326171875;0.09033203125;0;4
14520;290;0.983642578125;0.03662109375;0.033447265625;0;4
14568;291;0.97802734375;0.091552734375;0.03173828125;0;4
14620;292;0.978759765625;0.03125;0.031494140625;0;4
14670;293;0.97802734375;0.03271484375;0.08837890625;0;4
14715;294;0.9755859375;0.034912109375;0.090087890625;0;4
14765;295;0.9794921875;0.092529296875;0.03369140625;0;4
14810;296;0.97607421875;0.033935546875;0.086669921875;0;4
14862;297;0.979248046875;0.037353515625;0.093505859375;0;4
14912;298;0.978515625;0.091552734375;0.087646484375;0;4
14957;299;0.978271484375;0.033447265625;0.093017578125;0;4
144;1;0.4296875;0.1328125;0.234375;1;4
168;2;0.4296875;0.1328125;0.234375;1;4
178;3;0.4921875;-2.140625;-2.09375;1;4
192;4;0.4921875;-2.140625;-2.09375;1;4
220;5;0.2890625;0.0234375;-2.0546875;1;4
270;6;0.171875;0.359375;0.140625;1;4
322;7;0.3203125;0.578125;0.421875;1;4
368;8;0.3359375;0.5390625;0.265625;1;4
425;9;0.3671875;0.5546875;0.0625;1;4
464;10;0.296875;0.46875;0.1484375;1;4
524;11;0.203125;0.1875;0.5546875;1;4
565;12;0.21875;0.546875;-2.0703125;1;4
614;13;0.171875;0.6015625;-2.390625;1;4
680;14;0.328125;0.4453125;0.078125;1;4
709;15;0.265625;0.6484375;0.1640625;1;4
756;16;0.125;0.4453125;0.390625;1;4
807;17;0.421875;0.2734375;0.1875;1;4
856;18;0.15625;0.625;0.1328125;1;4
903;19;0.1953125;0.5078125;0.1640625;1;4
952;20;0.3515625;0.375;0.21875;1;4
1000;21;0.4609375;0.1953125;-2.0078125;1;4
1049;22;0.4765625;0.2578125;-2.2265625;1;4
1112;23;0.171875;0.375;0.3984375;1;4
1149;24;-2.078125;0.875;0.21875;1;4
1198;25;0.125;0.640625;0.484375;1;4
1245;26;0.3203125;0.703125;0.0625;1;4
1295;27;0.6953125;0.421875;0.4375;1;4
1341;28;0.171875;0.421875;0.6953125;1;4
1390;29;-2.109375;0.5234375;0.59375;1;4
1439;30;0.296875;0.3046875;0.0234375;1;4
1488;31;0.078125;0.4765625;0.0625;1;4
1537;32;0.328125;0.4921875;0.2890625;1;4
1586;33;0.3203125;0.3046875;0.390625;1;4
1635;34;0.0078125;0.484375;0.6171875;1;4
1736;35;0.203125;0.2734375;0.296875;1;4
1741;36;0.203125;0.2734375;0.296875;1;4
1835;37;-2.0625;0.3046875;0.328125;1;4
1841;38;-2.0625;0.3046875;0.328125;1;4
1928;39;0.359375;0.3203125;0.0703125;1;4
1976;40;0.4140625;0.15625;-2.328125;1;4
2025;41;0.3671875;0.6171875;-2.3828125;1;4
2074;42;0.1484375;0.34375;-2.2421875;1;4
2134;43;0.25;0.296875;0.4375;1;4
2170;44;0.3515625;0.1484375;-2.140625;1;4
2221;45;0.1171875;0.53125;-2.3359375;1;4
2268;46;0.2421875;0.203125;-2.1953125;1;4
2318;47;0.3125;0.4609375;-2.1484375;1;4
2366;48;0.0546875;0.5234375;0.3203125;1;4
2415;49;0.234375;0.8125;0.0625;1;4
2463;50;0.1484375;0.5703125;-2.0546875;1;4
2514;51;0.3984375;0.4765625;0.0078125;1;4
2562;52;0.125;0.90625;-2.15625;1;4
2610;53;0.0625;0.8125;-2.703125;1;4
2658;54;0.2265625;0.8046875;-2.6484375;1;4
2708;55;0.03125;0.796875;-2.8359375;1;4
2763;56;-2.1484375;-0.9921875;-2.9765625;1;4
2807;57;-2.0390625;-0.9609375;-1.296875;1;4
2854;58;-2.109375;-0.640625;-1.3046875;1;4
2902;59;-2.2109375;-0.65625;-1.8125;1;4
2951;60;0.1171875;-0.890625;-1.9765625;1;4
3008;61;0.3984375;-0.6640625;-4.078125;1;4
3054;62;-4.109375;-0.046875;-4.078125;1;4
3099;63;-0.859375;0.4140625;-3.3828125;1;4
3145;64;-1.0390625;-0.890625;-3.4140625;1;4
3196;65;0.5625;0.96875;-3.875;1;4
3243;66;-2.4609375;0.640625;-3.7734375;1;4
3292;67;-0.90625;-2.1953125;-5.6015625;1;4
3340;68;-0.0859375;-4.6875;-10.171875;1;4
3390;69;-1.125;-1.546875;-10.625;1;4
3439;70;-2.4140625;-2.421875;-10.7265625;1;4
3488;71;-1.359375;0.984375;-10.8828125;1;4
3536;72;-2.703125;-0.0703125;-9.453125;1;4
3585;73;-1.3828125;1.1796875;-12.015625;1;4
3683;74;-0.765625;-3.203125;-15.3203125;1;4
3687;75;-0.765625;-3.203125;-15.3203125;1;4
3786;76;41.2734375;-18.4453125;-23.7890625;1;4
3791;77;41.2734375;-18.4453125;-23.7890625;1;4
3878;78;-91.5;-44.46875;6.5546875;1;4
3928;79;-29.5859375;-59.7421875;-3.09375;1;4
3974;80;18.046875;-30.484375;-0.03125;1;4
4024;81;67.4921875;-43.84375;28.078125;1;4
4072;82;109.28125;-50.2421875;27.296875;1;4
4121;83;61.6796875;-4.515625;8.2890625;1;4
4170;84;147.515625;18.9140625;-63.484375;1;4
4219;85;78.5390625;-24.2265625;-13.015625;1;4
4270;86;64.7734375;-53.921875;-26.0390625;1;4
4316;87;50.7578125;-82.2265625;-32.7421875;1;4
4367;88;-1.875;-79.9453125;-7.8359375;1;4
4464;89;-71.734375;-86.546875;6.8125;1;4
4468;90;-71.734375;-86.546875;6.8125;1;4
4512;91;-24.8515625;-71.6796875;-7.8984375;1;4
4561;92;-67.546875;-60.703125;5.28125;1;4
4610;93;-18.9296875;-52.359375;-9.7421875;1;4
4660;94;-34.0703125;-38.046875;-14.8828125;1;4
4704;95;-21.4609375;-25.3203125;-25.7734375;1;4
4754;96;-17.453125;-20.6171875;-23.625;1;4
4803;97;-1.3515625;-19.7578125;-5.8203125;1;4
4852;98;0.703125;-12.640625;-0.203125;1;4
4901;99;6.890625;-16.7109375;17.5234375;1;4
4949;100;6.5078125;-10.859375;31.7421875;1;4
5000;101;0.7578125;-0.09375;18.328125;1;4
5047;102;-14.328125;4.7734375;-0.171875;1;4
5099;103;-5.7734375;-1.578125;-8.5703125;1;4
5145;104;-7.2109375;-3.0625;-10.9296875;1;4
5194;105;-3.4375;-3.90625;-12.625;1;4
5241;106;0.8046875;-5.5;-9.921875;1;4
5291;107;8.3125;-8.2890625;-10.9921875;1;4
5341;108;12.2265625;-1.6015625;-8.6015625;1;4
5394;109;-3.484375;-0.421875;-1.828125;1;4
5438;110;-3.1640625;-0.9765625;-4.453125;1;4
5486;111;24.0078125;-0.015625;-14.984375;1;4
5535;112;11.1015625;-2.6171875;-14.21875;1;4
5635;113;29.1640625;-4.1953125;-16.234375;1;4
5639;114;29.1640625;-4.1953125;-16.234375;1;4
5730;115;17.2265625;0.4765625;-10.59375;1;4
5734;116;-1.9453125;-3.4140625;-4.953125;1;4
5827;117;-4.765625;-3.2421875;-3.109375;1;4
5884;118;-4.265625;-3.546875;-1.3515625;1;4
5928;119;-2.3203125;-6.625;-1.4296875;1;4
5975;120;-2.8515625;-6.3125;-1.140625;1;4
6028;121;-1.9765625;-3.4609375;-2.6484375;1;4
6073;122;0.390625;-3.25;-1.21875;1;4
6123;123;-0.9296875;-3.1640625;0.828125;1;4
6168;124;-0.2734375;-4.671875;0.9140625;1;4
6224;125;-0.046875;-3.0546875;-0.625;1;4
6269;126;-0.3359375;-5.21875;0.875;1;4
6329;127;0.53125;-8.640625;-2.65625;1;4
6365;128;7.8515625;-6.15625;-6.6953125;1;4
6420;129;27.7109375;-4.46875;-9.9765625;1;4
6462;130;22.6484375;-6.796875;-8.5625;1;4
6514;131;12.2421875;-7.125;-5.1328125;1;4
6560;132;3.125;-12.734375;-6.515625;1;4
6609;133;-6.7265625;-4.7421875;-4.6875;1;4
6664;134;-3.5703125;-2.015625;-4.0546875;1;4
6706;135;-1.1171875;-2.1640625;0.7578125;1;4
6752;136;2.9765625;-6.3984375;2.375;1;4
6817;137;-7.9765625;-5.8515625;4.4609375;1;4
6852;138;-9.828125;-2.9453125;4.0859375;1;4
6900;139;-1.9765625;2.7578125;-0.875;1;4
6948;140;-5.375;1.46875;0.9453125;1;4
7009;141;18.3125;-2.4609375;-7.6015625;1;4
7048;142;19.140625;-2.6484375;-10.7421875;1;4
7095;143;6.015625;3.0546875;-12.640625;1;4
7144;144;-19.3828125;12.59375;-3.4296875;1;4
7192;145;-31.421875;34.2890625;-0.6875;1;4
7241;146;-38.28125;67.75;6.3046875;1;4
7289;147;-4.3828125;75.546875;10.2890625;1;4
7338;148;-62.171875;47.640625;38.7265625;1;4
7387;149;16.6875;36.9453125;19.234375;1;4
7450;150;50.5;30.328125;-2.5859375;1;4
7486;151;21.7421875;38.140625;12.34375;1;4
7584;152;5.40625;51.4453125;8.828125;1;4
7589;153;5.40625;51.4453125;8.828125;1;4
7679;154;5.03125;57.7734375;13.4921875;1;4
7684;155;9.421875;58.109375;15.984375;1;4
7789;156;6.421875;54.6484375;26.3046875;1;4
7827;157;0.96875;55.1171875;28.6640625;1;4
7884;158;-6.953125;55.015625;31.453125;1;4
7924;159;1.984375;54.0859375;26.7109375;1;4
7985;160;24.4140625;59.9296875;22.1953125;1;4
8022;161;4.8359375;56.734375;28.546875;1;4
8078;162;10.4296875;49.4296875;24.3046875;1;4
8119;163;26.5625;8.703125;15.9296875;1;4
8175;164;12.3125;-11.46875;0.1640625;1;4
8217;165;3.5390625;-9.15625;-12.09375;1;4
8266;166;-7.8125;0.7109375;-8.8515625;1;4
8313;167;-14.1796875;12.9921875;-3.1328125;1;4
8364;168;-28.1484375;27.03125;2.3984375;1;4
8414;169;-30.71875;29.703125;-6.6015625;1;4
8462;170;3.609375;13.453125;-16.546875;1;4
8515;171;-6.921875;11.8046875;-16.9921875;1;4
8558;172;-5.265625;10.7421875;-15.015625;1;4
8606;173;-9.015625;10.0625;-17.3125;1;4
8666;174;-42.2734375;5.15625;-20.5546875;1;4
8708;175;-46.0078125;-0.6171875;-16.15625;1;4
8753;176;-214.7265625;-24.703125;28.25;1;4
8814;177;3.9453125;-8.9453125;-16.59375;1;4
8851;178;-44.1796875;16.3671875;-9.515625;1;4
8908;179;-163.5546875;39.609375;-6.3515625;1;4
8949;180;-50.0390625;44.234375;-10.1796875;1;4
8997;181;-29.140625;17.1953125;-6.09375;1;4
9045;182;8.9296875;15.9296875;-6.7421875;1;4
9105;183;-73.140625;-20.7734375;23.1015625;1;4
9147;184;-12.46875;-4.5078125;13;1;4
9193;185;-12.7734375;-2.5546875;8.9296875;1;4
9248;186;8.96875;-4.1484375;12.78125;1;4
9290;187;3.3125;1.1875;16.5546875;1;4
9348;188;-4.703125;10.8671875;13.8125;1;4
9388;189;2.390625;-3.203125;5.8046875;1;4
9440;190;3.0390625;-10.90625;2.765625;1;4
9546;191;10.515625;-7.2265625;2.8515625;1;4
9550;192;10.515625;-7.2265625;2.8515625;1;4
9636;193;6.421875;-3.640625;2.6796875;1;4
9642;194;6.421875;-3.640625;2.6796875;1;4
9732;195;6.5390625;-5.2890625;-0.7578125;1;4
9777;196;-2.390625;-3.09375;-0.2265625;1;4
9836;197;-1.6484375;0.4296875;2.53125;1;4
9875;198;-5;2.7734375;2.0546875;1;4
9940;199;-14.1015625;6.3359375;-0.2109375;1;4
9972;200;-10.6171875;1.4609375;0.109375;1;4
10022;201;-8.4375;-0.15625;0.8671875;1;4
10068;202;-6.7109375;-0.0859375;0.890625;1;4
10125;203;-0.421875;0.59375;-0.84375;1;4
10167;204;-2.203125;-0.890625;0.953125;1;4
10218;205;-8.4921875;2.453125;0.625;1;4
10266;206;0.21875;-0.78125;0.046875;1;4
10326;207;-2.40625;2.2421875;0.8828125;1;4
10363;208;-0.421875;-0.7734375;0.0859375;1;4
10416;209;1.59375;-2.3359375;-2.171875;1;4
10460;210;3.5234375;-4.1953125;-1.4453125;1;4
10508;211;3.015625;-4.9140625;-4.03125;1;4
10564;212;4.0390625;-4.046875;-1.375;1;4
10606;213;1.6796875;-2.9453125;-2.71875;1;4
10654;214;-2.609375;-0.546875;-2.0546875;1;4
10701;215;-2.234375;-0.6328125;0.0703125;1;4
10750;216;-2.6171875;-0.6640625;0.484375;1;4
10807;217;-2.75;-0.375;-2.015625;1;4
10854;218;0.390625;-0.828125;-2.4609375;1;4
10898;219;0.4453125;-0.9765625;0.2734375;1;4
10946;220;0.59375;0.84375;0.09375;1;4
10994;221;-0.984375;0.8046875;-2.3125;1;4
11046;222;0.484375;-0.875;0.375;1;4
11092;223;0.9921875;0.8046875;-2.1875;1;4
11141;224;-0.3203125;-2.3671875;-2.390625;1;4
11192;225;-0.3359375;-2.6953125;-2.8046875;1;4
11239;226;-0.5859375;-2.5390625;-1.2421875;1;4
11289;227;0.7890625;0.3359375;-2.3203125;1;4
11342;228;0.5078125;0.515625;-2.1171875;1;4
11385;229;-2.0546875;0.828125;-2.21875;1;4
11485;230;-2.1484375;0.9296875;0.0703125;1;4
11490;231;-2.1484375;0.9296875;0.0703125;1;4
11581;232;-2.2734375;0.6015625;0.4296875;1;4
11587;233;-2.2734375;0.6015625;0.4296875;1;4
11677;234;-2.15625;0.7890625;0.3828125;1;4
11778;235;-2.21875;0.640625;0.328125;1;4
11781;236;-2.21875;0.640625;0.328125;1;4
11823;237;0.015625;0.6484375;0.21875;1;4
11876;238;0.25;0.46875;0.703125;1;4
11922;239;0.5078125;0.2734375;0.171875;1;4
11983;240;0.125;0.296875;0.21875;1;4
12020;241;0.15625;0.3359375;0.3203125;1;4
12072;242;0.1171875;0.65625;0.3046875;1;4
12121;243;0.484375;0.1015625;0.1953125;1;4
12165;244;0.6640625;-2.0703125;0.40625;1;4
12221;245;0.5234375;0.28125;0.3203125;1;4
12265;246;0.2890625;0.3125;0.4140625;1;4
12313;247;0.390625;-2.1328125;0.109375;1;4
12362;248;0.6484375;0.3125;-2.0234375;1;4
12409;249;0.6640625;-2.265625;-2.171875;1;4
12459;250;0.6328125;-2.09375;-2.078125;1;4
12514;251;0.5390625;0.5234375;0.0703125;1;4
12597;252;0.484375;0.453125;0.796875;1;4
12631;253;0.4609375;0.6171875;0.2734375;1;4
12670;254;0.1875;0.3671875;0.2109375;1;4
12715;255;-2.2890625;-0.9765625;0.4765625;1;4
12760;256;-2.1875;-0.875;0.46875;1;4
12818;257;0.109375;0.96875;0.5703125;1;4
12865;258;0.1328125;0.8203125;0.515625;1;4
12910;259;-2.0625;0.5859375;0.328125;1;4
12962;260;0.203125;0.484375;0.453125;1;4
13012;261;0.25;0.3046875;-2.0625;1;4
13059;262;0.171875;0.59375;0.40625;1;4
13107;263;-2.0234375;0.859375;-2.1171875;1;4
13158;264;-2.2578125;0.90625;0.2109375;1;4
13208;265;0.0390625;0.9765625;0.5625;1;4
13254;266;0.4921875;0.5234375;0.3515625;1;4
13305;267;0.421875;0.5703125;0.0859375;1;4
13355;268;0.2109375;0.4921875;0.234375;1;4
13449;269;-2.046875;0.90625;0.171875;1;4
13453;270;-2.046875;0.90625;0.171875;1;4
13549;271;-2.140625;0.7734375;0.5234375;1;4
13552;272;-2.140625;0.7734375;0.5234375;1;4
13642;273;0.1328125;0.7421875;0.4375;1;4
13692;274;-2.25;0.8515625;0.6015625;1;4
13737;275;0.0703125;0.6015625;0.703125;1;4
13783;276;0.2578125;0.625;0.6640625;1;4
13839;277;-2.171875;0.828125;0.2890625;1;4
13894;278;0.109375;0.0234375;0.1953125;1;4
13930;279;0.2734375;0.2578125;0.3359375;1;4
13989;280;0.1328125;-2.03125;-2.0625;1;4
14037;281;0.2890625;0.3125;0.3671875;1;4
14083;282;0.1171875;0.25;0.0703125;1;4
14131;283;0.140625;0.2890625;0.1171875;1;4
14183;284;0.34375;0.28125;-2.234375;1;4
14228;285;0.421875;0.234375;-2.1328125;1;4
14278;286;0.65625;0.09375;-2.5234375;1;4
14327;287;0.34375;-2.0078125;0;1;4
14368;288;0.203125;0.1953125;0.234375;1;4
14425;289;-2.1953125;0.484375;0.2890625;1;4
14475;290;-2.0625;0.40625;-2.4765625;1;4
14521;291;0.015625;0.5234375;-2.21875;1;4
14569;292;0.578125;0.046875;-2.125;1;4
14621;293;0.4921875;0.3515625;-2.1015625;1;4
14671;294;0.2734375;0.6171875;-2.1328125;1;4
14716;295;0.359375;0.5390625;0.0078125;1;4
14766;296;0.390625;0.4375;-2.0234375;1;4
14811;297;0.3828125;0.484375;0.203125;1;4
14863;298;0.3515625;0.8125;0.046875;1;4
14913;299;0.2421875;0.9296875;0.203125;1;4
14958;300;-2.0234375;0.8671875;0.2265625;1;4
145;1;-91.33333587646484;-14.8333330154419;62.66666793823242;2;4
168;2;-91.33333587646484;-14.8333330154419;62.66666793823242;2;4
179;3;-92.33333587646484;-15.8333330154419;62.5;2;4
193;4;-92.33333587646484;-15.8333330154419;62.5;2;4
221;5;-91.33333587646484;-13.66666698455811;63;2;4
271;6;-90.5;-14.5;23;2;4
323;7;-91.5;-15.5;21.66666603088379;2;4
369;8;-92.33333587646484;-15.5;62.83333206176758;2;4
426;9;-93;-13;62.5;2;4
464;10;-91.66666412353516;-14;63.5;2;4
525;11;-92.5;-13.3333330154419;62.66666793823242;2;4
566;12;-93;-13.5;63.16666793823242;2;4
616;13;-91.16666412353516;-13;63.66666793823242;2;4
682;14;-91.83333587646484;-13.8333330154419;21.33333396911621;2;4
710;15;-91.5;-14.66666698455811;62.83333206176758;2;4
757;16;-92.5;-14.5;63.5;2;4
808;17;-92.83333587646484;-16;63;2;4
857;18;-92.83333587646484;-13.66666698455811;61.5;2;4
904;19;-92.33333587646484;-15.8333330154419;22.16666603088379;2;4
953;20;-91.83333587646484;-13.8333330154419;21.33333396911621;2;4
1001;21;-91;-15.16666698455811;62.66666793823242;2;4
1050;22;-91.66666412353516;-15.66666698455811;63.5;2;4
1113;23;-93.83333587646484;-13.8333330154419;63.16666793823242;2;4
1150;24;-91.5;-13.5;63.66666793823242;2;4
1199;25;-90.66666412353516;-14.16666698455811;22.5;2;4
1247;26;-91.83333587646484;-15;63.66666793823242;2;4
1297;27;-91.66666412353516;-14.5;63.5;2;4
1342;28;-91.16666412353516;-15;62.83333206176758;2;4
1391;29;-92.66666412353516;-13;21.66666603088379;2;4
1440;30;-91.33333587646484;-13.3333330154419;63.83333206176758;2;4
1489;31;-91.66666412353516;-14.5;63;2;4
1538;32;-92.16666412353516;-13.66666698455811;63;2;4
1587;33;-91;-14;63.5;2;4
1636;34;-91.5;-14.66666698455811;62.5;2;4
1737;35;-91.83333587646484;-14.16666698455811;21.33333396911621;2;4
1742;36;-91.83333587646484;-14.16666698455811;21.33333396911621;2;4
1837;37;-91.5;-14.16666698455811;21.66666603088379;2;4
1843;38;-91.5;-14.16666698455811;21.66666603088379;2;4
1929;39;-91.5;-14.16666698455811;21.66666603088379;2;4
1978;40;-93.66666412353516;-13.3333330154419;21.5;2;4
2026;41;-90.66666412353516;-14.66666698455811;63.66666793823242;2;4
2075;42;-91;-12.8333330154419;62.66666793823242;2;4
2135;43;-91.5;-13.8333330154419;62.83333206176758;2;4
2171;44;-92.16666412353516;-13.66666698455811;62.66666793823242;2;4
2222;45;-91.5;-13.8333330154419;21.33333396911621;2;4
2269;46;-91.83333587646484;-14.66666698455811;63.66666793823242;2;4
2320;47;-92.33333587646484;-14.16666698455811;62.5;2;4
2366;48;-92.83333587646484;-13.3333330154419;21.5;2;4
2416;49;-91.66666412353516;-13.3333330154419;63;2;4
2464;50;-91.5;-13.5;63.66666793823242;2;4
2517;51;-93.5;-15;21.33333396911621;2;4
2563;52;-93;-13.8333330154419;63.66666793823242;2;4
2611;53;-90.16666412353516;-14.5;62.33333206176758;2;4
2659;54;-91.83333587646484;-14.66666698455811;22.83333396911621;2;4
2709;55;-92.16666412353516;-14;62.66666793823242;2;4
2765;56;-92.5;-14.5;63.5;2;4
2808;57;-92.66666412353516;-13.8333330154419;63.66666793823242;2;4
2855;58;-93.5;-15;61;2;4
2904;59;-93.66666412353516;-14;63;2;4
2952;60;-93.66666412353516;-12.5;21.83333396911621;2;4
3009;61;-91.33333587646484;-14.8333330154419;63.83333206176758;2;4
3055;62;-92.66666412353516;-15.5;63.16666793823242;2;4
3101;63;-93.5;-15;22.16666603088379;2;4
3147;64;-93;-14.66666698455811;63.16666793823242;2;4
3198;65;-92.33333587646484;-14.16666698455811;21.66666603088379;2;4
3244;66;-92.33333587646484;-15.5;63.16666793823242;2;4
3293;67;-92.33333587646484;-14.66666698455811;63.66666793823242;2;4
3342;68;-91.66666412353516;-14;21.83333396911621;2;4
3391;69;-92.16666412353516;-15.16666698455811;62.66666793823242;2;4
3440;70;-93;-15.5;22.5;2;4
3489;71;-92.5;-13.3333330154419;63.5;2;4
3537;72;-91.5;-13.8333330154419;63.16666793823242;2;4
3586;73;-90.5;-14.8333330154419;62.66666793823242;2;4
3684;74;-91.33333587646484;-14.8333330154419;63.5;2;4
3688;75;-91.33333587646484;-14.8333330154419;63.5;2;4
3787;76;-91.83333587646484;-15;21.33333396911621;2;4
3792;77;-91.83333587646484;-15;21.33333396911621;2;4
3879;78;-91.83333587646484;-15;21.33333396911621;2;4
3929;79;-93.5;-13.5;60.16666793823242;2;4
3975;80;-94.66666412353516;-11;59.5;2;4
4025;81;-92.33333587646484;-11;62.83333206176758;2;4
4073;82;-92.33333587646484;-12.66666698455811;63.66666793823242;2;4
4122;83;-87.83333587646484;-11.66666698455811;24.16666603088379;2;4
4171;84;-42;-10.16666698455811;26.83333396911621;2;4
4220;85;-40.33333206176758;-9.333333015441895;31.5;2;4
4272;86;-36.33333206176758;-10.66666698455811;34.33333206176758;2;4
4317;87;-35;-6.666666507720947;36.16666793823242;2;4
4368;88;-32.5;-10.16666698455811;41;2;4
4465;89;-31.16666603088379;-9.5;86.83333587646484;2;4
4468;90;-31.16666603088379;-9.5;86.83333587646484;2;4
4514;91;-32.16666793823242;-7.333333492279053;87.83333587646484;2;4
4562;92;-33;-5.666666507720947;88.16666412353516;2;4
4611;93;-32.16666793823242;-6.5;85.5;2;4
4661;94;-33.83333206176758;-6;85.33333587646484;2;4
4705;95;-34.5;-5;42.5;2;4
4754;96;-34.33333206176758;-5.5;41.5;2;4
4804;97;-35.5;-6.333333492279053;40.83333206176758;2;4
4853;98;-35.66666793823242;-8.166666984558106;40.16666793823242;2;4
4903;99;-35.33333206176758;-7.333333492279053;41;2;4
4950;100;-35.33333206176758;-6.5;41.83333206176758;2;4
5002;101;-36.5;-6.166666507720947;39.16666793823242;2;4
5048;102;-35.83333206176758;-3.5;38.83333206176758;2;4
5100;103;-36.66666793823242;-4.666666507720947;39.33333206176758;2;4
5146;104;-38;-5.333333492279053;39.16666793823242;2;4
5195;105;-36;-6.5;38;2;4
5242;106;-38.83333206176758;-6.5;40.16666793823242;2;4
5293;107;-37.16666793823242;-5.333333492279053;38.66666793823242;2;4
5342;108;-34.66666793823242;-5.5;39.66666793823242;2;4
5395;109;-36;-4.5;40.16666793823242;2;4
5439;110;-34.5;-6.166666507720947;41;2;4
5487;111;-36.33333206176758;-4;40.5;2;4
5536;112;-37.5;-4.333333492279053;39.66666793823242;2;4
5636;113;-34.16666793823242;-5;41.83333206176758;2;4
5640;114;-34.16666793823242;-5;41.83333206176758;2;4
5731;115;-34.16666793823242;-5;41.83333206176758;2;4
5735;116;-32.33333206176758;-6.666666507720947;87.66666412353516;2;4
5828;117;-32.33333206176758;-6.666666507720947;87.66666412353516;2;4
5886;118;-32.66666793823242;-5.5;86.16666412353516;2;4
5929;119;-33.66666793823242;-4.5;86.33333587646484;2;4
5976;120;-32;-6;88.5;2;4
6029;121;-32.5;-5;86.33333587646484;2;4
6074;122;-33.83333206176758;-6.333333492279053;87.33333587646484;2;4
6124;123;-33.5;-5.166666507720947;87.66666412353516;2;4
6169;124;-33.33333206176758;-5.666666507720947;87.16666412353516;2;4
6226;125;-32;-4;85.83333587646484;2;4
6270;126;-34.16666793823242;-6.166666507720947;85.5;2;4
6330;127;-33.5;-6;87.66666412353516;2;4
6366;128;-33.16666793823242;-5.5;86.83333587646484;2;4
6422;129;-32.66666793823242;-6.333333492279053;86.83333587646484;2;4
6463;130;-31.66666603088379;-5.666666507720947;90.5;2;4
6516;131;-30.83333396911621;-6.333333492279053;89.5;2;4
6561;132;-31.16666603088379;-6;90;2;4
6611;133;-31.66666603088379;-6.5;91.33333587646484;2;4
6665;134;-31.5;-7.166666507720947;91.83333587646484;2;4
6707;135;-31.16666603088379;-5.5;92.16666412353516;2;4
6752;136;-31;-6.5;93.5;2;4
6820;137;-32.33333206176758;-6.666666507720947;91.5;2;4
6854;138;-30.16666603088379;-7.333333492279053;92;2;4
6901;139;-31.5;-7.166666507720947;93.33333587646484;2;4
6949;140;-31;-7.666666507720947;92.5;2;4
7010;141;-31.16666603088379;-6;91.5;2;4
7050;142;-31.33333396911621;-6.5;92;2;4
7096;143;-30.33333396911621;-6.333333492279053;93;2;4
7145;144;-30.5;-5.666666507720947;94;2;4
7193;145;-31.66666603088379;-7.333333492279053;92.83333587646484;2;4
7242;146;-30.5;-7;92;2;4
7290;147;-33.16666793823242;-8.333333015441895;89.16666412353516;2;4
7339;148;-32.5;-7.666666507720947;88.66666412353516;2;4
7388;149;-34.16666793823242;-8.166666984558106;39.83333206176758;2;4
7451;150;-36.33333206176758;-7.5;40.83333206176758;2;4
7487;151;-33.16666793823242;-7.166666507720947;41.5;2;4
7586;152;-31.66666603088379;-8.166666984558106;85.5;2;4
7590;153;-31.66666603088379;-8.166666984558106;85.5;2;4
7680;154;-31.66666603088379;-8.166666984558106;85.5;2;4
7685;155;-32.5;-9.666666984558106;86.33333587646484;2;4
7790;156;-32.5;-9.666666984558106;86.33333587646484;2;4
7829;157;-33;-7;41.33333206176758;2;4
7885;158;-32.33333206176758;-7.833333492279053;40.5;2;4
7925;159;-32.33333206176758;-7.833333492279053;39.33333206176758;2;4
7986;160;-34.83333206176758;-9.333333015441895;39.5;2;4
8023;161;-33.83333206176758;-7.166666507720947;38.16666793823242;2;4
8079;162;-35;-9.833333015441895;38.5;2;4
8120;163;-34.66666793823242;-10.66666698455811;37.66666793823242;2;4
8177;164;-34.33333206176758;-7.5;37;2;4
8218;165;-33.83333206176758;-9.166666984558106;38.83333206176758;2;4
8267;166;-33.5;-9.166666984558106;39.66666793823242;2;4
8314;167;-33.5;-8.333333015441895;38.5;2;4
8366;168;-34.5;-10.5;36.83333206176758;2;4
8415;169;-33.83333206176758;-9.166666984558106;37.33333206176758;2;4
8464;170;-34.16666793823242;-10.5;35.66666793823242;2;4
8516;171;-37;-10.66666698455811;35.5;2;4
8560;172;-36.83333206176758;-10.8333330154419;33.33333206176758;2;4
8607;173;-36.5;-11.66666698455811;34.83333206176758;2;4
8667;174;-36.5;-12;34.5;2;4
8710;175;-37;-11.8333330154419;31.66666603088379;2;4
8755;176;-39;-12.3333330154419;30.83333396911621;2;4
8816;177;-42.16666793823242;-11;26.33333396911621;2;4
8853;178;-41.16666793823242;-11.66666698455811;27.33333396911621;2;4
8909;179;-42.66666793823242;-11.3333330154419;25.33333396911621;2;4
8950;180;-91.66666412353516;-11.66666698455811;23;2;4
8999;181;-94.5;-14.8333330154419;60.83333206176758;2;4
9046;182;-96.16666412353516;-13;59.83333206176758;2;4
9107;183;-95;-14.66666698455811;58.66666793823242;2;4
9149;184;-97;-15.5;57.16666793823242;2;4
9195;185;-95.83333587646484;-15.5;57.83333206176758;2;4
9249;186;-98;-14.5;57;2;4
9291;187;-99.16666412353516;-13.66666698455811;54.66666793823242;2;4
9350;188;-98.16666412353516;-13.8333330154419;57.16666793823242;2;4
9389;189;-97.83333587646484;-14.66666698455811;57.16666793823242;2;4
9442;190;-97.16666412353516;-15.16666698455811;57.66666793823242;2;4
9547;191;-99.16666412353516;-13.66666698455811;57;2;4
9552;192;-99.16666412353516;-13.66666698455811;57;2;4
9638;193;-95.66666412353516;-14.5;56.16666793823242;2;4
9644;194;-95.66666412353516;-14.5;56.16666793823242;2;4
9734;195;-95.66666412353516;-14.5;56.16666793823242;2;4
9779;196;-95.66666412353516;-14;58.5;2;4
9838;197;-96.5;-13.3333330154419;57.33333206176758;2;4
9876;198;-95.16666412353516;-11.66666698455811;58.16666793823242;2;4
9941;199;-95.5;-13.5;58.66666793823242;2;4
9973;200;-96.66666412353516;-14.16666698455811;58.33333206176758;2;4
10024;201;-96.16666412353516;-13.5;57.16666793823242;2;4
10069;202;-97;-14.16666698455811;58.66666793823242;2;4
10126;203;-98.66666412353516;-13;56;2;4
10168;204;-98.83333587646484;-13.66666698455811;58.5;2;4
10220;205;-98.83333587646484;-15.66666698455811;56.5;2;4
10267;206;-98.16666412353516;-14.66666698455811;56.83333206176758;2;4
10327;207;-97.66666412353516;-15.16666698455811;56.5;2;4
10365;208;-98;-14;57.66666793823242;2;4
10417;209;-99.33333587646484;-12.66666698455811;56.83333206176758;2;4
10462;210;-96.83333587646484;-14.8333330154419;56.16666793823242;2;4
10509;211;-97.66666412353516;-10.8333330154419;57.33333206176758;2;4
10565;212;-97.33333587646484;-13.8333330154419;57.5;2;4
10608;213;-97.83333587646484;-15;57.5;2;4
10655;214;-98.83333587646484;-14.5;57;2;4
10702;215;-96.5;-13.66666698455811;58.16666793823242;2;4
10751;216;-98.66666412353516;-15.5;57.16666793823242;2;4
10808;217;-96.16666412353516;-14.16666698455811;57.83333206176758;2;4
10855;218;-97.83333587646484;-13.8333330154419;57.5;2;4
10900;219;-97.33333587646484;-14.16666698455811;58.33333206176758;2;4
10947;220;-97;-15;57.83333206176758;2;4
10996;221;-95.66666412353516;-14;57.66666793823242;2;4
11047;222;-96.5;-14.5;55.83333206176758;2;4
11093;223;-96.16666412353516;-13;56.33333206176758;2;4
11142;224;-98.66666412353516;-13.8333330154419;55.66666793823242;2;4
11193;225;-96.83333587646484;-14.8333330154419;56.5;2;4
11240;226;-98.33333587646484;-14;58.16666793823242;2;4
11290;227;-98;-13.66666698455811;57;2;4
11344;228;-97.83333587646484;-14.16666698455811;56;2;4
11387;229;-95.5;-15.8333330154419;57.16666793823242;2;4
11487;230;-97;-13.8333330154419;57.16666793823242;2;4
11491;231;-97;-13.8333330154419;57.16666793823242;2;4
11584;232;-96.66666412353516;-13;58.33333206176758;2;4
11587;233;-96.66666412353516;-13;58.33333206176758;2;4
11678;234;-96.66666412353516;-13;58.33333206176758;2;4
11779;235;-97.16666412353516;-12.8333330154419;58.5;2;4
11782;236;-97.16666412353516;-12.8333330154419;58.5;2;4
11824;237;-97;-13.5;57.5;2;4
11878;238;-96;-13.3333330154419;58.5;2;4
11924;239;-97.33333587646484;-13.8333330154419;57.83333206176758;2;4
11985;240;-97.83333587646484;-13;57.5;2;4
12021;241;-95;-13;56.83333206176758;2;4
12074;242;-96;-14.8333330154419;58.16666793823242;2;4
12123;243;-96.66666412353516;-15.5;57.5;2;4
12166;244;-95.16666412353516;-14.5;57.33333206176758;2;4
12222;245;-98.33333587646484;-14.5;58.5;2;4
12266;246;-96.83333587646484;-14.8333330154419;57.66666793823242;2;4
12315;247;-97.16666412353516;-14.8333330154419;58.5;2;4
12364;248;-97.33333587646484;-13;56.83333206176758;2;4
12410;249;-97.16666412353516;-13.3333330154419;57;2;4
12461;250;-97;-11.5;56.83333206176758;2;4
12514;251;-97.66666412353516;-14.8333330154419;57.66666793823242;2;4
12598;252;-97.33333587646484;-14.16666698455811;56.83333206176758;2;4
12631;253;-97.66666412353516;-14.5;58.16666793823242;2;4
12670;254;-97.33333587646484;-14.16666698455811;56.33333206176758;2;4
12715;255;-97;-14.16666698455811;58.33333206176758;2;4
12760;256;-96.83333587646484;-13.66666698455811;58.16666793823242;2;4
12819;257;-97.33333587646484;-14.16666698455811;57.83333206176758;2;4
12866;258;-98;-13.66666698455811;57.66666793823242;2;4
12911;259;-95.83333587646484;-14.66666698455811;57.16666793823242;2;4
12963;260;-96.16666412353516;-13.8333330154419;57.5;2;4
13013;261;-97.66666412353516;-14.5;57.33333206176758;2;4
13059;262;-97.16666412353516;-15.16666698455811;57;2;4
13108;263;-98.33333587646484;-12.8333330154419;57;2;4
13159;264;-97.33333587646484;-13.5;59;2;4
13209;265;-97.66666412353516;-14;57.66666793823242;2;4
13255;266;-97;-13.8333330154419;57.83333206176758;2;4
13305;267;-97.66666412353516;-15.66666698455811;57.66666793823242;2;4
13356;268;-95.5;-15.5;59;2;4
13450;269;-97.83333587646484;-14.16666698455811;58.33333206176758;2;4
13454;270;-97.83333587646484;-14.16666698455811;58.33333206176758;2;4
13550;271;-95.66666412353516;-14.8333330154419;57;2;4
13553;272;-95.66666412353516;-14.8333330154419;57;2;4
13643;273;-95.66666412353516;-14.8333330154419;57;2;4
13692;274;-96.83333587646484;-14.5;56.5;2;4
13738;275;-96.83333587646484;-14.5;56.5;2;4
13784;276;-97.33333587646484;-13.8333330154419;55.66666793823242;2;4
13840;277;-97.33333587646484;-14.16666698455811;58.33333206176758;2;4
13895;278;-97;-14.66666698455811;58.33333206176758;2;4
13931;279;-98.16666412353516;-13.8333330154419;57.5;2;4
13990;280;-97.83333587646484;-14.16666698455811;57.16666793823242;2;4
14038;281;-96;-14.8333330154419;56.16666793823242;2;4
14084;282;-96.16666412353516;-13.8333330154419;57.5;2;4
14132;283;-98.33333587646484;-15.16666698455811;57.33333206176758;2;4
14185;284;-96.66666412353516;-14.16666698455811;58.66666793823242;2;4
14229;285;-96.83333587646484;-12.5;56.5;2;4
14278;286;-97.16666412353516;-16.5;57.33333206176758;2;4
14328;287;-96.83333587646484;-13.66666698455811;57.33333206176758;2;4
14369;288;-97;-15.5;57.16666793823242;2;4
14425;289;-95.83333587646484;-13.5;57.5;2;4
14475;290;-98.16666412353516;-15;56.33333206176758;2;4
14521;291;-96.83333587646484;-14;59.16666793823242;2;4
14570;292;-97.16666412353516;-14;57.33333206176758;2;4
14621;293;-97.66666412353516;-14.5;57;2;4
14672;294;-96.66666412353516;-13.8333330154419;59;2;4
14717;295;-97.66666412353516;-12.8333330154419;59.16666793823242;2;4
14767;296;-95.83333587646484;-13.8333330154419;57.5;2;4
14811;297;-96;-13.66666698455811;58.16666793823242;2;4
14864;298;-97;-15;56.83333206176758;2;4
14914;299;-96.66666412353516;-13.8333330154419;58.66666793823242;2;4
14959;300;-97.33333587646484;-13;58.66666793823242;2;4
