% Universidad de Malaga - ETSI de Telecomunicacion (Spain)                         
% Date: 2016-06-02_00:15:42                                                        
% ID: Subject_18_ADL_Hopping_8                                                     
% Name: Subject_18                                                                 
% Age: 24                                                                          
% Height(cm): 177                                                                  
% Weight(Kg): 66                                                                   
% Gender: M                                                                        
                                                                                    
% Type of Movement: ADL                                                            
% Type of Movement: FALSE                                                          
% Description of the movement: Hopping                                             
% Trial: 8                                                                         
                                                                                    
% Number of Sensors: 4                                                             
                                                                                    
% Used Smartphone: samsung-samsung-SM-G900F-5.0                                    
% Smartphone's Accelerometer: MPU6500 Acceleration Sensor - Vendor: Invensense     
% --> Version: 1                                                                   
% --> Min - Max Delay: 5000us - 200000us                                           
% --> Maximum Range: 2.0000000329864256 G                                          
% --> Resolution: 6.103515725666582E-5 G                                           
                                                                                    
% SensorTag's Accelerometer: MPU-9250 MEMS MotionTracking Device - Invensense      
% --> Maximum Range: 16 G                                                          
% --> Resolution: 0.00024 G                                                        
                                                                                    
% MAC Address; Sensor_ID; Position; Device Model                                   
%F4:09:D8:72:64:3A; 0; RIGHTPOCKET; samsung-SM-G900F-5.0                           
%C4:BE:84:71:A5:02; 2; WAIST; SensorTag                                            
%C4:BE:84:70:64:8A; 1; CHEST; SensorTag                                            
%C4:BE:84:70:0E:80; 3; WRIST; SensorTag                                            
                                                                                    
                                                                                    
% Sensor_Type:                                                                     
% Accelerometer = 0                                                                
% Gyroscope = 1                                                                    
% Magnetometer = 2                                                                 
                                                                                    
                                                                                    
% TimeStamp; Sample No; X-Axis; Y-Axis; Z-Axis; Sensor Type; Sensor ID;            
125;1;-0.109920397400856;0.9960582256317139;0.04699539393186569;0;0
125;2;-0.1077232137322426;0.9963023066520691;0.04443200677633286;0;0
125;3;-0.1094931662082672;0.9952037334442139;0.04473717138171196;0;0
125;4;-0.1102255582809448;0.9975230097770691;0.04363857954740524;0;0
126;5;-0.1107138246297836;0.9973399043083191;0.04528646916151047;0;0
126;6;-0.1112631186842918;0.9969736337661743;0.04540853574872017;0;0
126;7;-0.1096762642264366;0.9969127178192139;0.04479820653796196;0;0
126;8;-0.1116293147206307;0.9966685175895691;0.04492026939988136;0;0
126;9;-0.1105917543172836;0.9966075420379639;0.04296721890568733;0;0
126;10;-0.1103476285934448;0.9977061152458191;0.04461510479450226;0;0
126;11;-0.1090659350156784;0.9980112314224243;0.04559163749217987;0;0
126;12;-0.1073570102453232;0.9972788095474243;0.04461510479450226;0;0
126;13;-0.1080894097685814;0.9984995126724243;0.04272308573126793;0;0
126;14;-0.1097372993826866;0.9986215829849243;0.04455407336354256;0;0
126;15;-0.1102865934371948;0.9978892207145691;0.04437097534537315;0;0
126;16;-0.1091879978775978;0.9973399043083191;0.04333341494202614;0;0
126;17;-0.1105307266116142;0.9954478740692139;0.04339444637298584;0;0
126;18;-0.108760766685009;0.9953257441520691;0.04540853574872017;0;0
126;19;-0.109920397400856;0.9983164072036743;0.04205172136425972;0;0
127;20;-0.1097372993826866;0.9959971308708191;0.04217378795146942;0;0
127;21;-0.1091879978775978;0.9949596524238586;0.04315031692385674;0;0
127;22;-0.1081504449248314;0.9952037334442139;0.04235688969492912;0;0
127;23;-0.1085166409611702;0.9967905282974243;0.04266205430030823;0;0
127;24;-0.1101645305752754;0.9963023066520691;0.04870431870222092;0;0
128;25;-0.1077232137322426;0.9961192607879639;0.04437097534537315;0;0
128;26;-0.1091269701719284;0.9975840449333191;0.04986394196748734;0;0
137;27;-0.1091879978775978;0.9960582256317139;0.04705642536282539;0;0
137;28;-0.1082725077867508;0.9972178339958191;0.04809398576617241;0;0
161;29;-0.1095542013645172;0.9967905282974243;0.04510337114334106;0;0
162;30;-0.1118124127388001;0.9942271709442139;0.04455407336354256;0;0
162;31;-0.1103476285934448;0.9948375225067139;0.04345548152923584;0;0
162;32;-0.1093710958957672;0.9981943964958191;0.04186862334609032;0;0
162;33;-0.1096152290701866;0.9974619150161743;0.04253998771309853;0;0
173;34;-0.109859362244606;0.9983775019645691;0.04443200677633286;0;0
173;35;-0.1085166409611702;0.9975230097770691;0.04333341494202614;0;0
181;36;-0.1112631186842918;0.9980112314224243;0.04205172136425972;0;0
181;37;-0.1123006790876389;0.9993540048599243;0.04565266892313957;0;0
191;38;-0.109859362244606;0.9962413311004639;0.04516440257430077;0;0
191;39;-0.1090048998594284;0.9953868389129639;0.04467613995075226;0;0
202;40;-0.1092490330338478;0.9983164072036743;0.04308928176760674;0;0
202;41;-0.1094321310520172;0.9969736337661743;0.04266205430030823;0;0
211;42;-0.1093100681900978;0.9978892207145691;0.04351651296019554;0;0
211;43;-0.1082725077867508;0.9982553124427795;0.04546957090497017;0;0
215;44;-0.107784241437912;0.9988046884536743;0.04528646916151047;0;0
223;45;-0.1075401157140732;0.9942882657051086;0.04626299813389778;0;0
243;46;-0.1085776686668396;0.9966075420379639;0.04656816273927689;0;0
243;47;-0.1093100681900978;0.9965464472770691;0.04632402956485748;0;0
243;48;-0.1086997389793396;0.9959361553192139;0.04534750431776047;0;0
243;49;-0.1094931662082672;0.9980112314224243;0.04559163749217987;0;0
262;50;-0.1151692271232605;0.9960582256317139;0.04913154989480972;0;0
262;51;-0.1162067875266075;0.9937999844551086;0.05535691231489182;0;0
262;52;-0.1133992746472359;0.9975230097770691;0.05651653558015823;0;0
262;53;-0.110957957804203;0.9985606074333191;0.05358695611357689;0;0
280;54;-0.1093100681900978;0.9984384775161743;0.05041323974728584;0;0
280;55;-0.1066856533288956;1.002222537994385;0.04235688969492912;0;0
280;56;-0.1053429171442986;1.001185059547424;0.03674185276031494;0;0
280;57;-0.1076621785759926;0.9996591806411743;0.03356814011931419;0;0
288;58;-0.1112020835280418;0.9987435936927795;0.03198127821087837;0;0
288;59;-0.1104086562991142;0.9977061152458191;0.04632402956485748;0;0
295;60;-0.1135823726654053;0.9954478740692139;0.03729115054011345;0;0
302;61;-0.1092490330338478;0.9945323467254639;0.04992497712373734;0;0
307;62;-0.1145588979125023;0.9945934414863586;0.03729115054011345;0;0
312;63;-0.1113241538405418;0.9949596524238586;0.05322076007723808;0;0
317;64;-0.1122396439313889;0.9952647686004639;0.04449304193258286;0;0
326;65;-0.108943872153759;0.9945323467254639;0.05065737292170525;0;0
326;66;-0.1122396439313889;0.9942271709442139;0.03881697356700897;0;0
335;67;-0.1094931662082672;0.9967905282974243;0.04662919417023659;0;0
335;68;-0.1127279102802277;0.9952037334442139;0.04107519239187241;0;0
345;69;-0.110835887491703;0.9963023066520691;0.04278411716222763;0;0
345;70;-0.1130330711603165;0.9961192607879639;0.03668082132935524;0;0
355;71;-0.1111410558223724;0.9983164072036743;0.04400477558374405;0;0
355;72;-0.1143757998943329;0.9954478740692139;0.04546957090497017;0;0
364;73;-0.1134603023529053;0.9958751201629639;0.04412684217095375;0;0
364;74;-0.1137654706835747;0.9967905282974243;0.04003763571381569;0;0
370;75;-0.1114462167024612;0.9997811913490295;0.04180758818984032;0;0
374;76;-0.1126058474183083;0.9991098046302795;0.04113622754812241;0;0
382;77;-0.1126668751239777;0.9968516230583191;0.04229585453867912;0;0
389;78;-0.1134603023529053;0.9977670907974243;0.04113622754812241;0;0
389;79;-0.1119344830513001;0.9972788095474243;0.03448363393545151;0;0
393;80;-0.1123006790876389;0.9975230097770691;0.0407700277864933;0;0
399;81;-0.1139485687017441;0.9990488290786743;0.04168552160263062;0;0
402;82;-0.1138265058398247;0.9988657236099243;0.04315031692385674;0;0
407;83;-0.1119344830513001;0.9978281259536743;0.03826767578721046;0;0
413;84;-0.1132772043347359;0.9983164072036743;0.03973247110843658;0;0
417;85;-0.1122396439313889;0.9973399043083191;0.04656816273927689;0;0
428;86;-0.1102865934371948;0.9948375225067139;0.04632402956485748;0;0
428;87;-0.1102865934371948;0.9951427578926086;0.0404648631811142;0;0
432;88;-0.109798327088356;0.9961192607879639;0.04266205430030823;0;0
442;89;-0.109859362244606;0.9963023066520691;0.05004704371094704;0;0
442;90;-0.1116293147206307;0.9984384775161743;0.05181699618697166;0;0
450;91;-0.1110800206661224;1.000574588775635;0.04138035699725151;0;0
454;92;-0.1112020835280418;1.001185059547424;0.0404038317501545;0;0
460;93;-0.1112020835280418;1.000757694244385;0.04400477558374405;0;0
461;94;-0.1094931662082672;1.001123905181885;0.04382167756557465;0;0
466;95;-0.1115682870149612;1.000330567359924;0.04003763571381569;0;0
478;96;-0.1132772043347359;0.9994760751724243;0.04144139215350151;0;0
478;97;-0.1132161766290665;0.9965464472770691;0.0410141609609127;0;0
490;98;-0.1141927018761635;0.9961802363395691;0.04510337114334106;0;0
490;99;-0.1107748597860336;0.9950816631317139;0.03893904015421867;0;0
494;100;-0.1118734478950501;0.9959361553192139;0.04510337114334106;0;0
523;101;-0.1135823726654053;0.9964244365692139;0.04424890875816345;0;0
523;102;-0.1123617142438889;0.9934948682785034;0.04925361275672913;0;0
523;103;-0.1120565459132195;0.990077018737793;0.04028176516294479;0;0
523;104;-0.1128499731421471;0.9929454922676086;0.04339444637298584;0;0
523;105;-0.1151692271232605;0.9949596524238586;0.03698598593473434;0;0
523;106;-0.1131551414728165;0.9917858839035034;0.04607990011572838;0;0
538;107;-0.1128499731421471;0.9924572706222534;0.04260101914405823;0;0
538;108;-0.1127279102802277;0.9923961758613586;0.04485923796892166;0;0
538;109;-0.1165729835629463;0.9933726787567139;0.04565266892313957;0;0
544;110;-0.1129720434546471;0.9951427578926086;0.05273249000310898;0;0
555;111;-0.1137654706835747;0.9940440654754639;0.04675126075744629;0;0
555;112;-0.1102255582809448;0.9963633418083191;0.04705642536282539;0;0
555;113;-0.1102255582809448;0.9987435936927795;0.04479820653796196;0;0
560;114;-0.1104086562991142;0.9963023066520691;0.04614093154668808;0;0
566;115;-0.1104696914553642;0.9961192607879639;0.04034280031919479;0;0
577;116;-0.1074790805578232;0.9969127178192139;0.04614093154668808;0;0
577;117;-0.1075401157140732;0.9967295527458191;0.0475446879863739;0;0
587;118;-0.1074790805578232;0.9970347285270691;0.04675126075744629;0;0
587;119;-0.1103476285934448;0.9986826181411743;0.04601886495947838;0;0
592;120;-0.1102865934371948;0.9989877939224243;0.04455407336354256;0;0
603;121;-0.1116903498768807;0.9980723261833191;0.0477888211607933;0;0
603;122;-0.1107138246297836;0.9988046884536743;0.04900948330760002;0;0
605;123;-0.1101034954190254;0.9980723261833191;0.04400477558374405;0;0
610;124;-0.109920397400856;0.9994149804115295;0.04382167756557465;0;0
616;125;-0.110896922647953;0.9987435936927795;0.04632402956485748;0;0
624;126;-0.1094321310520172;0.9977061152458191;0.04559163749217987;0;0
629;127;-0.1082114726305008;0.9981333017349243;0.04632402956485748;0;0
634;128;-0.1090659350156784;0.9964244365692139;0.04669022932648659;0;0
642;129;-0.1091879978775978;0.9981333017349243;0.04492026939988136;0;0
642;130;-0.1107748597860336;0.9979501962661743;0.04345548152923584;0;0
644;131;-0.108821801841259;0.9962413311004639;0.04699539393186569;0;0
650;132;-0.109859362244606;0.9955088496208191;0.04638506472110748;0;0
654;133;-0.1130941063165665;0.9972178339958191;0.04900948330760002;0;0
659;134;-0.1120565459132195;0.9950206279754639;0.04705642536282539;0;0
670;135;-0.1118734478950501;0.9944102764129639;0.04864328354597092;0;0
670;136;-0.1124227419495583;0.9942882657051086;0.04485923796892166;0;0
675;137;-0.1125448122620583;0.9937389492988586;0.04394374415278435;0;0
681;138;-0.1103476285934448;0.9950816631317139;0.04351651296019554;0;0
689;139;-0.1096762642264366;0.9934948682785034;0.04571370035409927;0;0
702;140;-0.108943872153759;0.9944102764129639;0.04913154989480972;0;0
702;141;-0.108882836997509;0.9950816631317139;0.04894844815135002;0;0
702;142;-0.1115682870149612;0.9945934414863586;0.04504233598709106;0;0
721;143;-0.1119955182075501;0.9970347285270691;0.04565266892313957;0;0
721;144;-0.1123006790876389;0.9975230097770691;0.0477888211607933;0;0
721;145;-0.1122396439313889;0.9981333017349243;0.04119725897908211;0;0
721;146;-0.1125448122620583;0.9969736337661743;0.04369961097836494;0;0
735;147;-0.1146199330687523;0.9963633418083191;0.04150242358446121;0;0
735;148;-0.1149861291050911;0.9948985576629639;0.04217378795146942;0;0
736;149;-0.1144368350505829;0.9975230097770691;0.04351651296019554;0;0
747;150;-0.1127279102802277;0.9977670907974243;0.04455407336354256;0;0
747;151;-0.1118734478950501;0.9967295527458191;0.04345548152923584;0;0
757;152;-0.1137654706835747;0.9971567988395691;0.04290618374943733;0;0
757;153;-0.1127279102802277;0.9970347285270691;0.04516440257430077;0;0
768;154;-0.1122396439313889;0.9959361553192139;0.0473005585372448;0;0
768;155;-0.1144368350505829;0.9940440654754639;0.04644609615206718;0;0
769;156;-0.1140706315636635;0.9955699443817139;0.04278411716222763;0;0
778;157;-0.1133992746472359;0.9958140254020691;0.04479820653796196;0;0
779;158;-0.1132772043347359;0.9968516230583191;0.04607990011572838;0;0
788;159;-0.1113851889967918;0.9956310391426086;0.04571370035409927;0;0
788;160;-0.1133382394909859;0.9973399043083191;0.04418787732720375;0;0
797;161;-0.1122396439313889;0.9957530498504639;0.04571370035409927;0;0
806;162;-0.1094931662082672;0.9957530498504639;0.04461510479450226;0;0
806;163;-0.1099814251065254;0.9955699443817139;0.04577473551034927;0;0
808;164;-0.1105307266116142;0.9945934414863586;0.040892094373703;0;0
821;165;-0.110896922647953;0.9969736337661743;0.04504233598709106;0;0
821;166;-0.1105917543172836;0.9972788095474243;0.04455407336354256;0;0
828;167;-0.108760766685009;0.9981333017349243;0.04473717138171196;0;0
828;168;-0.1090659350156784;0.9950816631317139;0.04455407336354256;0;0
834;169;-0.108760766685009;0.9936779737472534;0.04437097534537315;0;0
843;170;-0.1097372993826866;0.9964854121208191;0.04369961097836494;0;0
843;171;-0.1077232137322426;0.9946544766426086;0.04638506472110748;0;0
849;172;-0.106807716190815;0.9959361553192139;0.04711746051907539;0;0
853;173;-0.106746681034565;0.9974619150161743;0.04455407336354256;0;0
865;174;-0.1072349473834038;0.9983775019645691;0.04553060233592987;0;0
865;175;-0.1080894097685814;0.9977670907974243;0.04516440257430077;0;0
869;176;-0.1079673394560814;0.9970347285270691;0.04485923796892166;0;0
876;177;-0.1077232137322426;0.9969736337661743;0.04504233598709106;0;0
876;178;-0.1077232137322426;0.9970347285270691;0.04498130455613136;0;0
884;179;-0.1091879978775978;0.9974009394645691;0.04345548152923584;0;0
888;180;-0.1080894097685814;0.9980723261833191;0.04418787732720375;0;0
891;181;-0.107906311750412;0.9989266991615295;0.04669022932648659;0;0
896;182;-0.1110800206661224;0.9989266991615295;0.04864328354597092;0;0
901;183;-0.1114462167024612;0.9978892207145691;0.0472395233809948;0;0
910;184;-0.1101034954190254;0.9964244365692139;0.04418787732720375;0;0
911;185;-0.1107138246297836;0.9952647686004639;0.04504233598709106;0;0
918;186;-0.1113851889967918;0.9961192607879639;0.04424890875816345;0;0
930;187;-0.1122396439313889;0.9974009394645691;0.04394374415278435;0;0
930;188;-0.1133382394909859;0.9983164072036743;0.04418787732720375;0;0
941;189;-0.1124227419495583;0.9975840449333191;0.04601886495947838;0;0
941;190;-0.1107748597860336;0.9993540048599243;0.04272308573126793;0;0
941;191;-0.1110800206661224;0.9975840449333191;0.0473005585372448;0;0
946;192;-0.1107138246297836;0.9976450204849243;0.04186862334609032;0;0
951;193;-0.1091879978775978;0.9957530498504639;0.04430994018912315;0;0
969;194;-0.1093710958957672;0.9963023066520691;0.04443200677633286;0;0
969;195;-0.109798327088356;0.9961192607879639;0.04510337114334106;0;0
969;196;-0.1099814251065254;0.9959971308708191;0.04681229591369629;0;0
975;197;-0.1084556058049202;0.9964244365692139;0.04589680209755898;0;0
988;198;-0.1096152290701866;0.9971567988395691;0.04528646916151047;0;0
988;199;-0.108943872153759;0.9958751201629639;0.04577473551034927;0;0
989;200;-0.1083335429430008;0.9974009394645691;0.04388271272182465;0;0
999;201;-0.1091269701719284;0.9981333017349243;0.04632402956485748;0;0
999;202;-0.1086997389793396;0.9978281259536743;0.04357754811644554;0;0
1004;203;-0.1102255582809448;0.9967905282974243;0.04388271272182465;0;0
1016;204;-0.1086387038230896;0.9966075420379639;0.04815501719713211;0;0
1016;205;-0.1091879978775978;0.9962413311004639;0.04504233598709106;0;0
1016;206;-0.1093100681900978;0.9970347285270691;0.0475446879863739;0;0
1032;207;-0.1092490330338478;0.9961802363395691;0.04351651296019554;0;0
1032;208;-0.1085166409611702;0.9930065870285034;0.04455407336354256;0;0
1032;209;-0.1096762642264366;0.9948375225067139;0.04272308573126793;0;0
1044;210;-0.1111410558223724;0.9936168789863586;0.03961040452122688;0;0
1045;211;-0.110896922647953;0.9927014112472534;0.04339444637298584;0;0
1054;212;-0.110957957804203;0.9915418028831482;0.04449304193258286;0;0
1054;213;-0.1111410558223724;0.9911144971847534;0.04400477558374405;0;0
1070;214;-0.1105307266116142;0.9920910000801086;0.04449304193258286;0;0
1070;215;-0.1096152290701866;0.9909924864768982;0.04205172136425972;0;0
1070;216;-0.1106527894735336;0.9903821349143982;0.04388271272182465;0;0
1070;217;-0.1129720434546471;0.9935558438301086;0.04546957090497017;0;0
1082;218;-0.1126668751239777;0.9933726787567139;0.04003763571381569;0;0
1082;219;-0.1140096038579941;0.9921520948410034;0.04223482310771942;0;0
1088;220;-0.1112020835280418;0.9937389492988586;0.04260101914405823;0;0
1110;221;-0.110957957804203;0.9917249083518982;0.04290618374943733;0;0
1110;222;-0.1116903498768807;0.9945934414863586;0.04260101914405823;0;0
1110;223;-0.1133992746472359;0.9972178339958191;0.04369961097836494;0;0
1110;224;-0.1135823726654053;0.9950206279754639;0.04290618374943733;0;0
1110;225;-0.1122396439313889;0.9941661953926086;0.04595783352851868;0;0
1115;226;-0.1142537295818329;0.9953257441520691;0.0471784919500351;0;0
1132;227;-0.1144978627562523;0.9958751201629639;0.04888741672039032;0;0
1132;228;-0.1134603023529053;0.9972788095474243;0.04479820653796196;0;0
1132;229;-0.1135213375091553;0.9973399043083191;0.04589680209755898;0;0
1146;230;-0.1111410558223724;0.9988657236099243;0.04290618374943733;0;0
1146;231;-0.1126668751239777;1.000879764556885;0.04247895255684853;0;0
1146;232;-0.108760766685009;1.001490116119385;0.04211275279521942;0;0
1175;233;-0.1081504449248314;0.9999642968177795;0.04492026939988136;0;0
1175;234;-0.1077232137322426;1.001551151275635;0.04846018552780151;0;0
1175;235;-0.1062584221363068;0.9993540048599243;0.04815501719713211;0;0
1175;236;-0.1050377488136292;0.9987435936927795;0.04595783352851868;0;0
1175;237;-0.1080894097685814;0.9987435936927795;0.04192965477705002;0;0
1175;238;-0.1081504449248314;0.9983164072036743;0.04174655675888062;0;0
1183;239;-0.1091269701719284;0.9967295527458191;0.04669022932648659;0;0
1191;240;-0.1077232137322426;0.9961802363395691;0.04540853574872017;0;0
1191;241;-0.1070518493652344;0.9970347285270691;0.04784985259175301;0;0
1205;242;-0.1082114726305008;0.9958751201629639;0.04607990011572838;0;0
1205;243;-0.1080894097685814;0.9956919550895691;0.04791088774800301;0;0
1205;244;-0.1060142740607262;0.9948985576629639;0.0473615899682045;0;0
1215;245;-0.1073570102453232;0.9947765469551086;0.04791088774800301;0;0
1215;246;-0.105464980006218;0.9947765469551086;0.0476667545735836;0;0
1222;247;-0.1064415201544762;0.9919689893722534;0.05041323974728584;0;0
1222;248;-0.107845276594162;0.9920910000801086;0.04449304193258286;0;0
1234;249;-0.1079673394560814;0.9941051602363586;0.04211275279521942;0;0
1234;250;-0.107784241437912;0.9952647686004639;0.04430994018912315;0;0
1243;251;-0.1093710958957672;0.9977670907974243;0.04138035699725151;0;0
1243;252;-0.1080894097685814;0.9980112314224243;0.04522543400526047;0;0
1256;253;-0.108943872153759;0.9970958232879639;0.04382167756557465;0;0
1256;254;-0.108821801841259;0.9979501962661743;0.04357754811644554;0;0
1264;255;-0.1100424602627754;0.9969127178192139;0.04144139215350151;0;0
1264;256;-0.108882836997509;0.9972178339958191;0.04235688969492912;0;0
1267;257;-0.107906311750412;0.9999642968177795;0.04455407336354256;0;0
1272;258;-0.1086997389793396;1.000330567359924;0.04229585453867912;0;0
1277;259;-0.1096762642264366;1.000574588775635;0.04363857954740524;0;0
1283;260;-0.1096152290701866;0.9997811913490295;0.04223482310771942;0;0
1296;261;-0.1094931662082672;0.9987435936927795;0.04321134835481644;0;0
1296;262;-0.1111410558223724;0.9999032616615295;0.04223482310771942;0;0
1302;263;-0.1097372993826866;0.9988657236099243;0.03826767578721046;0;0
1303;264;-0.110835887491703;0.9969736337661743;0.03796251118183136;0;0
1309;265;-0.1129110082983971;0.9936779737472534;0.03991556912660599;0;0
1313;266;-0.1124227419495583;0.9937389492988586;0.04113622754812241;0;0
1319;267;-0.1147419959306717;0.9945323467254639;0.04247895255684853;0;0
1324;268;-0.1157185211777687;0.9967295527458191;0.04192965477705002;0;0
1328;269;-0.1188922449946404;0.9942882657051086;0.04321134835481644;0;0
1335;270;-0.1182208731770515;0.9934337735176086;0.04308928176760674;0;0
1336;271;-0.1209673658013344;0.9954478740692139;0.04296721890568733;0;0
1342;272;-0.1246903762221336;0.9944102764129639;0.03631462156772614;0;0
1354;273;-0.1271316856145859;0.9969127178192139;0.03454466536641121;0;0
1354;274;-0.1278640925884247;0.9975230097770691;0.03448363393545151;0;0
1357;275;-0.1270096302032471;1.004541754722595;0.03619255870580673;0;0
1366;276;-0.1232255846261978;1.005884528160095;0.03954936936497688;0;0
1373;277;-0.120784267783165;1.010401010513306;0.04443200677633286;0;0
1373;278;-0.1181598380208015;1.011804699897766;0.04699539393186569;0;0
1378;279;-0.1144368350505829;1.013147473335266;0.04308928176760674;0;0
1381;280;-0.1135213375091553;1.013757705688477;0.04498130455613136;0;0
1386;281;-0.1129720434546471;1.014612197875977;0.04138035699725151;0;0
1391;282;-0.1145588979125023;1.016565322875977;0.03930523991584778;0;0
1401;283;-0.1146809607744217;1.021142721176148;0.03509396314620972;0;0
1401;284;-0.1124837771058083;1.021325826644898;0.03588739037513733;0;0
1406;285;-0.109920397400856;1.024987936019898;0.0406479649245739;0;0
1411;286;-0.109920397400856;1.028527736663818;0.04327238351106644;0;0
1417;287;-0.1102865934371948;1.030969023704529;0.04284515231847763;0;0
1425;288;-0.1118734478950501;1.033410429954529;0.0407089963555336;0;0
1432;289;-0.1101034954190254;1.035790681838989;0.05090150237083435;0;0
1432;290;-0.1038170903921127;1.0404292345047;0.05956818908452988;0;0
1438;291;-0.09795793145895004;1.045189738273621;0.06884519755840302;0;0
1440;292;-0.08770439028739929;1.049156904220581;0.07317854464054108;0;0
1453;293;-0.08276071399450302;1.051293015480042;0.07903771102428436;0;0
1453;294;-0.08105179667472839;1.052086472511292;0.08038043230772018;0;0
1456;295;-0.08343207836151123;1.055687427520752;0.08446964621543884;0;0
1466;296;-0.0885588526725769;1.056785941123962;0.08074662834405899;0;0
1466;297;-0.09588280320167542;1.059593558311462;0.07275131344795227;0;0
1473;298;-0.1029016003012657;1.062889337539673;0.0743992030620575;0;0
1476;299;-0.1057701483368874;1.065879940986633;0.07171374559402466;0;0
1480;300;-0.108943872153759;1.064781308174133;0.06847900152206421;0;0
1484;301;-0.1135213375091553;1.063621759414673;0.06591562181711197;0;0
1489;302;-0.1137044355273247;1.061607599258423;0.06237570196390152;0;0
1501;303;-0.1141927018761635;1.058128714561462;0.06335222721099854;0;0
1501;304;-0.109920397400856;1.048424482345581;0.06695318222045898;0;0
1506;305;-0.1053429171442986;1.04232120513916;0.07122547924518585;0;0
1530;306;-0.1016199067234993;1.032616972923279;0.06310810148715973;0;0
1530;307;-0.1025354042649269;1.022851705551148;0.05468554794788361;0;0
1530;308;-0.1043053567409515;1.012903332710266;0.04821605235338211;0;0
1530;309;-0.09936168789863586;1.004846930503845;0.05578414350748062;0;0
1530;310;-0.09869032353162766;0.988245964050293;0.05907991901040077;0;0
1551;311;-0.09179360419511795;0.9682272076606751;0.05608930811285973;0;0
1551;312;-0.08910814672708511;0.9435088038444519;0.04241792112588882;0;0
1551;313;-0.08861988037824631;0.9184242486953735;0.033934336155653;0;0
1551;314;-0.0882536843419075;0.8942551612854004;0.03527706116437912;0;0
1557;315;-0.09100016951560974;0.8739922642707825;0.0306385550647974;0;0
1572;316;-0.09423492103815079;0.8573912978172302;0.02142257615923882;0;0
1572;317;-0.1012537106871605;0.840179979801178;0.01074180472642183;0;0
1572;318;-0.110835887491703;0.8309029340744019;0.002258220221847296;0;0
1581;319;-0.1204180717468262;0.8277902603149414;0.003906110534444451;0;0
1581;320;-0.1240190118551254;0.8349310755729675;0.02447422407567501;0;0
1592;321;-0.1284133791923523;0.840179979801178;0.04369961097836494;0;0
1592;322;-0.1281692534685135;0.8514100313186646;0.05364799126982689;0;0
1603;323;-0.1271927207708359;0.8609312176704407;0.05779822915792465;0;0
1603;324;-0.1260330975055695;0.8722223043441773;0.05987335368990898;0;0
1603;325;-0.1305495351552963;0.884367823600769;0.06847900152206421;0;0
1612;326;-0.1349439173936844;0.8970626592636108;0.07342267036437988;0;0
1623;327;-0.1426950991153717;0.9126261472702026;0.08648373186588287;0;0
1623;328;-0.146662250161171;0.9339876770973206;0.1030846983194351;0;0
1623;329;-0.1374462693929672;0.9436309337615967;0.09008467197418213;0;0
1636;330;-0.1269485950469971;0.9422881603240967;0.05785926058888435;0;0
1636;331;-0.120723232626915;0.937710702419281;0.02484042197465897;0;0
1646;332;-0.1170002147555351;0.9197059273719788;0.02520661987364292;0;0
1647;333;-0.1299391984939575;0.9078044891357422;0.07384990155696869;0;0
1658;334;-0.137873500585556;0.8782646059989929;0.1209673658013344;0;0
1658;335;-0.137873500585556;0.8782646059989929;0.1209673658013344;0;0
1658;336;-0.1290237158536911;0.8517762422561646;0.1011926755309105;0;0
1667;337;-0.1179767400026321;0.8285226821899414;0.05914095416665077;0;0
1667;338;-0.1201739385724068;0.8009967803955078;0.004577473271638155;0;0
1676;339;-0.1214556321501732;0.7669404149055481;-0.04907051473855972;0;0
1684;340;-0.118770182132721;0.7364849448204041;-0.08190625905990601;0;0
1684;341;-0.1196246445178986;0.7087149024009705;-0.06835693866014481;0;0
1697;342;-0.1191363781690598;0.6893064379692078;-0.0202629491686821;0;0
1697;343;-0.1169391795992851;0.6741092801094055;0.05615033954381943;0;0
1697;344;-0.1114462167024612;0.6637336611747742;0.1213335618376732;0;0
1706;345;-0.1180988103151321;0.6707524061203003;0.1935355663299561;0;0
1712;346;-0.1333570629358292;0.6924801468849182;0.2491366118192673;0;0
1721;347;-0.1422678679227829;0.7358745932579041;0.2794700264930725;0;0
1721;348;-0.135859414935112;0.7947714328765869;0.3007094860076904;0;0
1722;349;-0.1334180980920792;0.8481141924858093;0.2944841086864471;0;0
1727;350;-0.109859362244606;0.9078044891357422;0.2483431696891785;0;0
1732;351;-0.07861047983169556;0.9678609967231751;0.2255168706178665;0;0
1744;352;-0.01904228888452053;1.026452660560608;0.2263102829456329;0;0
1745;353;0.04455407336354256;1.095725059509277;0.2111130654811859;0;0
1753;354;0.1081504449248314;1.133748531341553;0.1824275702238083;0;0
1753;355;0.1761411726474762;1.139790892601013;0.1591129750013351;0;0
1758;356;0.2518220543861389;1.118795514106751;0.1514838486909866;0;0
1766;357;0.323230654001236;1.081870555877686;0.1684510111808777;0;0
1769;358;0.3690053820610046;1.023889183998108;0.2035449743270874;0;0
1771;359;0.3868269920349121;0.952175498008728;0.2845967710018158;0;0
1776;360;0.3828598856925964;0.9125650525093079;0.3823716044425964;0;0
1782;361;0.3729725182056427;0.922574520111084;0.4365688860416412;0;0
1793;362;0.3605217933654785;0.9547998905181885;0.4708694219589233;0;0
1793;363;0.3360475599765778;0.9717060327529907;0.513714611530304;0;0
1796;364;0.323596864938736;0.9828751087188721;0.5221981406211853;0;0
1802;365;0.2867329120635986;0.9667013287544251;0.5708414316177368;0;0
1817;366;0.2449863851070404;0.9167153835296631;0.6018461585044861;0;0
1817;367;0.2053149342536926;0.8669734597206116;0.5962921977043152;0;0
1817;368;0.1862116158008575;0.8303536176681519;0.558268666267395;0;0
1828;369;0.1943900436162949;0.8082597255706787;0.513348400592804;0;0
1828;370;0.256338506937027;0.7319074869155884;0.4880197048187256;0;0
1837;371;0.3462400734424591;0.6690434813499451;0.4798412621021271;0;0
1838;372;0.4127660393714905;0.639015257358551;0.4942450225353241;0;0
1850;373;0.4804516136646271;0.5901278853416443;0.5195737481117249;0;0
1850;374;0.5335502624511719;0.5588179230690002;0.5994048714637756;0;0
1858;375;0.5840245485305786;0.5347099304199219;0.676184356212616;0;0
1858;376;0.6230856776237488;0.512554943561554;0.7261093258857727;0;0
1867;377;0.6175926923751831;0.5074281692504883;0.7592502236366272;0;0
1867;378;0.5915316343307495;0.4755689799785614;0.7960531711578369;0;0
1873;379;0.5679728984832764;0.4186862111091614;0.8836355209350586;0;0
1875;380;0.542339026927948;0.3719959855079651;1.001429080963135;0;0
1887;381;0.5023624300956726;0.3619866073131561;1.049034833908081;0;0
1887;382;0.4471275806427002;0.390000730752945;0.9862318634986877;0;0
1890;383;0.404648631811142;0.4393764436244965;0.8990157246589661;0;0
1895;384;0.4047096967697144;0.5045596361160278;0.8132033944129944;0;0
1901;385;0.449568897485733;0.5840245485305786;0.7280623912811279;0;0
1910;386;0.5300104022026062;0.6707524061203003;0.6634284853935242;0;0
1910;387;0.6535411477088928;0.7623629570007324;0.7155506014823914;0;0
1916;388;0.7811000347137451;0.8679500222206116;0.8207714557647705;0;0
1921;389;0.8752129077911377;0.9909924864768982;0.9610862731933594;0;0
1924;390;0.9301425814628601;1.100241541862488;1.119405865669251;0;0
1929;391;0.9143350124359131;1.18648111820221;1.19185197353363;0;0
1940;392;0.8509828448295593;1.247453093528748;1.209917783737183;0;0
1940;393;0.773715078830719;1.331068277359009;1.162128925323486;0;0
1945;394;0.6953487396240234;1.423594117164612;1.100546717643738;0;0
1954;395;0.6481091976165772;1.544561505317688;1.11043393611908;0;0
1954;396;0.6124049425125122;1.7117919921875;1.180377721786499;0;0
1962;397;0.5600385665893555;1.914665699005127;1.209612607955933;0;0
1966;398;0.4908882677555084;1.999867558479309;1.19276750087738;0;0
1969;399;0.4151463210582733;1.999867558479309;1.159992694854736;0;0
1974;400;0.3549678027629852;1.999867558479309;1.164570212364197;0;0
1991;401;0.3237799406051636;1.999867558479309;1.181964635848999;0;0
1991;402;0.3077282607555389;1.999867558479309;1.181964635848999;0;0
1991;403;0.3069958686828613;1.999867558479309;1.117635846138001;0;0
1998;404;0.2920427918434143;1.999867558479309;1.049706220626831;0;0
2002;405;0.2851460576057434;1.999867558479309;0.9796403646469116;0;0
2008;406;0.2655544877052307;1.999867558479309;0.9239171743392944;0;0
2009;407;0.2528596520423889;1.999867558479309;0.8947434425354004;0;0
2013;408;0.2363807260990143;1.999867558479309;0.8428654670715332;0;0
2019;409;0.2219159156084061;1.999867558479309;0.742466151714325;0;0
2023;410;0.2232586294412613;1.999867558479309;0.6167992949485779;0;0
2035;411;0.2217938452959061;1.970205545425415;0.5025455355644226;0;0
2035;412;0.2116013318300247;1.839900135993958;0.4177707433700562;0;0
2039;413;0.1854792237281799;1.697571158409119;0.3701649904251099;0;0
2046;414;0.1321364045143127;1.546697735786438;0.3420288264751434;0;0
2053;415;0.0612771101295948;1.373852252960205;0.29723060131073;0;0
2058;416;-0.01159626618027687;1.197955250740051;0.2377844899892807;0;0
2058;417;-0.0747653990983963;1.04000186920166;0.1992726773023605;0;0
2064;418;-0.1150471642613411;0.8960861563682556;0.1776669919490814;0;0
2069;419;-0.1345166862010956;0.7626680731773377;0.1682679206132889;0;0
2072;420;-0.1233476474881172;0.6240622401237488;0.1733336597681046;0;0
2078;421;-0.03228644281625748;0.3455687165260315;0.232535645365715;0;0
2104;422;0.02789207175374031;0.2386999726295471;0.1631411463022232;0;0
2104;423;0.07525365799665451;0.1332349926233292;0.1033288314938545;0;0
2104;424;0.107845276594162;0.01733336597681046;0.04479820653796196;0;0
2105;425;0.109859362244606;-0.1033288314938545;-0.01995778456330299;0;0
2105;426;0.09197670221328735;-0.1885918974876404;-0.08172315359115601;0;0
2119;427;0.05096253752708435;-0.2495028078556061;-0.1152912899851799;0;0
2119;428;0.006530528422445059;-0.3071179389953613;-0.1799252182245255;0;0
2119;429;-0.06451185792684555;-0.3929913341999054;-0.2149581611156464;0;0
2125;430;-0.1476387828588486;-0.3996439278125763;-0.2361976206302643;0;0
2137;431;-0.2352821379899979;-0.337939590215683;-0.1757139414548874;0;0
2137;432;-0.327502965927124;-0.2593291401863098;-0.1113851889967918;0;0
2138;433;-0.4094702303409576;-0.1629580557346344;-0.08318794518709183;0;0
2150;434;-0.4627520442008972;-0.06377945840358734;-0.1116903498768807;0;0
2150;435;-0.4855173230171204;0.04315031692385674;-0.1459908932447434;0;0
2158;436;-0.461531400680542;0.1388500183820725;-0.1502631902694702;0;0
2158;437;-0.4038552343845367;0.2115402966737747;-0.1554509848356247;0;0
2165;438;-0.3326907753944397;0.2534089088439941;-0.1498359590768814;0;0
2167;439;-0.2555450797080994;0.2647000253200531;-0.124812439084053;0;0
2171;440;-0.1951224356889725;0.2459629029035568;-0.06908933073282242;0;0
2184;441;-0.1588078141212463;0.2185590863227844;0.005798133090138435;0;0
2184;442;-0.1583195477724075;0.1935355663299561;0.06872313469648361;0;0
2188;443;-0.1810238063335419;0.1645449101924896;0.0812348946928978;0;0
2195;444;-0.2216717749834061;0.1401317119598389;0.06249776855111122;0;0
2202;445;-0.2611601054668427;0.121882863342762;0.04711746051907539;0;0
2202;446;-0.2792868912220001;0.09887342900037766;0.03808457776904106;0;0
2206;447;-0.2800192832946777;0.08727715909481049;0.04321134835481644;0;0
2212;448;-0.2636624872684479;0.07104238122701645;0.04211275279521942;0;0
2217;449;-0.217216357588768;0.0472395233809948;0.03155405074357987;0;0
2221;450;-0.1569768190383911;0.02453525736927986;0.008849781937897205;0;0
2231;451;-0.08990157395601273;0.01165729854255915;-0.02007984928786755;0;0
2231;452;-0.01916435547173023;0.009582177735865116;-0.0474836565554142;0;0
2245;453;0.03881697356700897;0.01751646399497986;-0.06438978761434555;0;0
2245;454;0.08019733428955078;0.03143198415637016;-0.08300484716892242;0;0
2246;455;0.09942272305488586;0.0543803833425045;-0.08459170907735825;0;0
2254;456;0.1072959825396538;0.08062456548213959;-0.08770439028739929;0;0
2259;457;0.1107748597860336;0.1111410558223724;-0.08379827439785004;0;0
2261;458;0.1156574934720993;0.1407420486211777;-0.07299544662237167;0;0
2266;459;0.1251175999641419;0.1674744933843613;-0.04485923796892166;0;0
2282;460;0.1440378278493881;0.1862726509571075;-0.01989675126969814;0;0
2282;461;0.1641176789999008;0.1996999084949493;0.0005492967902682722;0;0
2282;462;0.1837702989578247;0.202568456530571;0.02160567417740822;0;0
2287;463;0.2054980397224426;0.1989675164222717;0.03643668815493584;0;0
2297;464;0.2218548655509949;0.1880426108837128;0.02770897187292576;0;0
2298;465;0.2358314096927643;0.1770566701889038;0.02130050957202911;0;0
2303;466;0.2459629029035568;0.1585026532411575;0.02844136767089367;0;0
2305;467;0.2540802955627441;0.1375683397054672;0.06243673712015152;0;0
2310;468;0.2584136128425598;0.1216387301683426;0.133662223815918;0;0
2316;469;0.2625028491020203;0.1264603286981583;0.2133713066577911;0;0
2332;470;0.2689723372459412;0.1553289294242859;0.2619535326957703;0;0
2332;471;0.2579863965511322;0.2100144773721695;0.2520661950111389;0;0
2333;472;0.2131271660327911;0.2703760862350464;0.1722350716590881;0;0
2341;473;0.1454415917396545;0.3303715288639069;0.1096152290701866;0;0
2341;474;0.06750247627496719;0.4443200826644898;0.1064415201544762;0;0
2346;475;0.01074180472642183;0.6234518885612488;0.1606998294591904;0;0
2356;476;-0.02471835725009441;0.8745415210723877;0.2523103356361389;0;0
2356;477;-0.05834752321243286;1.18574869632721;0.3972636461257935;0;0
2360;478;-0.1259110271930695;1.544073224067688;0.5605878829956055;0;0
2365;479;-0.1646059453487396;1.923515319824219;0.6719120740890503;0;0
2370;480;-0.1082725077867508;1.999867558479309;0.7555272579193115;0;0
2383;481;0.05279352143406868;1.999867558479309;0.7759122848510742;0;0
2383;482;0.1749205142259598;1.999867558479309;0.8206494450569153;0;0
2390;483;0.2545075118541718;1.999867558479309;0.8190014958381653;0;0
2390;484;0.2757470011711121;1.999867558479309;0.8918749094009399;0;0
2396;485;0.2479159533977509;1.999867558479309;0.7792690992355347;0;0
2405;486;0.1932914406061173;1.999867558479309;0.4474327862262726;0;0
2405;487;0.1380565911531448;1.999867558479309;0.2477328479290009;0;0
2408;488;0.01544134318828583;1.999867558479309;0.2227093279361725;0;0
2414;489;-0.06408462673425674;1.56043016910553;0.2279581874608994;0;0
2420;490;-0.05041323974728584;1.178119540214539;0.2579253613948822;0;0
2429;491;0.01849299296736717;0.9438750147819519;0.2808127403259277;0;0
2429;492;0.0749484971165657;0.8039873838424683;0.260610818862915;0;0
2437;493;0.1035729572176933;0.7933066487312317;0.1529486328363419;0;0
2442;494;0.1252396702766419;0.8583067655563355;0.09948375821113586;0;0
2451;495;0.1084556058049202;0.9768939018249512;0.1278030574321747;0;0
2451;496;0.08099076151847839;1.152180552482605;0.1589298844337463;0;0
2454;497;0.04504233598709106;1.362072944641113;0.1522772759199143;0;0
2458;498;-0.0170892346650362;1.56183385848999;0.165704533457756;0;0
2468;499;-0.08282174915075302;1.765562057495117;0.1243241801857948;0;0
2469;500;-0.1328077614307404;1.883050322532654;0.1322584748268127;0;0
2481;501;-0.1323805302381516;1.93645441532135;0.1900566965341568;0;0
2481;502;-0.1092490330338478;1.978628039360046;0.301502913236618;0;0
2490;503;-0.06927242875099182;1.999867558479309;0.4277801513671875;0;0
2490;504;0.004150242544710636;1.999867558479309;0.5018742084503174;0;0
2500;505;0.09087810665369034;1.999867558479309;0.5196958184242249;0;0
2500;506;0.1690003275871277;1.918632626533508;0.5109070539474487;0;0
2503;507;0.1995168030261993;1.744322538375855;0.4843577146530151;0;0
2508;508;0.1978078782558441;1.519904255867004;0.4625079333782196;0;0
2513;509;0.176690474152565;1.323316931724548;0.4480430781841278;0;0
2529;510;0.1520941853523254;1.174213409423828;0.4398646950721741;0;0
2529;511;0.1244462430477142;1.04024612903595;0.4155125021934509;0;0
2529;512;0.08996260911226273;0.9090861678123474;0.3806016445159912;0;0
2538;513;0.06561044603586197;0.7759122848510742;0.3364137709140778;0;0
2538;514;0.03784044459462166;0.6669073700904846;0.2895404696464539;0;0
2544;515;0.00427230866625905;0.5665081143379211;0.2431553900241852;0;0
2552;516;-0.03015029244124889;0.491254448890686;0.1942069381475449;0;0
2552;517;-0.05828649178147316;0.4258881211280823;0.1455026268959045;0;0
2558;518;-0.07726775109767914;0.3710805177688599;0.0950893759727478;0;0
2562;519;-0.09637106955051422;0.3323245644569397;0.06170434132218361;0;0
2573;520;-0.1200518757104874;0.3138315975666046;0.0613381452858448;0;0
2574;521;-0.1470894813537598;0.3255499005317688;0.05181699618697166;0;0
2585;522;-0.1580754220485687;0.3930523991584778;0.03326297551393509;0;0
2585;523;-0.1353711485862732;0.4945502281188965;0.01818782836198807;0;0
2593;524;-0.09600487351417542;0.5693766474723816;0.06707524508237839;0;0
2593;525;-0.06347429752349854;0.6275410652160645;0.1694275587797165;0;0
2599;526;-0.03015029244124889;0.7788418531417847;0.1650331765413284;0;0
2601;527;0.007507056463509798;0.907743513584137;0.2045215219259262;0;0
2607;528;0.04705642536282539;1.007288217544556;0.2667751312255859;0;0
2612;529;0.09319736063480377;1.097311973571777;0.3132212460041046;0;0
2619;530;0.133906364440918;1.173175811767578;0.338733047246933;0;0
2622;531;0.1621646285057068;1.222673654556274;0.3503292798995972;0;0
2629;532;0.1749205142259598;1.250016450881958;0.3430663645267487;0;0
2635;533;0.1792538464069367;1.26564085483551;0.3304935693740845;0;0
2638;534;0.1735167652368546;1.26576292514801;0.3110240399837494;0;0
2641;535;0.1666810661554337;1.243790984153748;0.2800803482532501;0;0
2646;536;0.1548406630754471;1.199359059333801;0.2446201741695404;0;0
2651;537;0.1375073045492172;1.134786128997803;0.2120285481214523;0;0
2656;538;0.1173053756356239;1.063621759414673;0.189629465341568;0;0
2661;539;0.09301426261663437;0.9908704161643982;0.1800472736358643;0;0
2669;540;0.07256821542978287;0.9303867220878601;0.1780331879854202;0;0
2672;541;0.05779822915792465;0.885527491569519;0.1808407008647919;0;0
2680;542;0.04601886495947838;0.8534852266311646;0.1857233494520187;0;0
2687;543;0.03741321712732315;0.8396307229995728;0.1964041292667389;0;0
2687;544;0.02575591579079628;0.8408513069152832;0.2080003768205643;0;0
2692;545;0.01849299296736717;0.8527527451515198;0.2098924070596695;0;0
2695;546;0.01123006734997034;0.8757011294364929;0.2091600149869919;0;0
2701;547;0.01068077143281698;0.8987716436386108;0.2115402966737747;0;0
2705;548;0.009704243391752243;0.9240393042564392;0.2053759843111038;0;0
2715;549;0.01489204727113247;0.9475370049476624;0.2033008486032486;0;0
2716;550;0.01934745348989964;0.9699360728263855;0.204460471868515;0;0
2722;551;0.02203290536999703;0.9816544055938721;0.2069017887115479;0;0
2740;552;0.02502352185547352;0.9977061152458191;0.2136764526367188;0;0
2740;553;0.02911273017525673;1.006983160972595;0.230216383934021;0;0
2740;554;0.0342395007610321;1.014429092407227;0.2270426750183106;0;0
2740;555;0.03210334479808807;1.018030047416687;0.2164229452610016;0;0
2770;556;0.03124888427555561;1.015222549438477;0.2061083763837814;0;0
2770;557;0.02264323458075523;1.004114627838135;0.1950003653764725;0;0
2770;558;0.02020191587507725;0.9891614317893982;0.178643524646759;0;0
2770;559;0.01647890545427799;0.9778093695640564;0.1649111062288284;0;0
2771;560;0.01300002355128527;0.9693868160247803;0.1519721150398254;0;0
2771;561;0.009460111148655415;0.9622458815574646;0.1442209333181381;0;0
2779;562;0.005065737292170525;0.9612084031105042;0.1417185664176941;0;0
2785;563;0.002319253282621503;0.9544947743415833;0.1361035406589508;0;0
2785;564;-0.002502352232113481;0.9501003623008728;0.1323194950819016;0;0
2792;565;-0.003967143595218658;0.9491848349571228;0.1289016455411911;0;0
2798;566;-0.006347429472953081;0.9502224326133728;0.1302443742752075;0;0
2800;567;-0.005676066968590021;0.9482082724571228;0.133906364440918;0;0
2806;568;-0.008422550745308399;0.9504665732383728;0.137934535741806;0;0
2816;569;-0.01184039749205113;0.9564477801322937;0.1458077877759934;0;0
2816;570;-0.01898125559091568;0.9653586149215698;0.1569157987833023;0;0
2823;571;-0.02062914706766605;0.9729267358779907;0.178643524646759;0;0
2826;572;-0.02282633446156979;0.9711567759513855;0.1987233757972717;0;0
2834;573;-0.02130050957202911;0.9903821349143982;0.1869440078735352;0;0
2834;574;-0.01660097017884255;1.005762457847595;0.1862726509571075;0;0
2839;575;-0.01293899118900299;1.012048840522766;0.1986623406410217;0;0
2844;576;-0.01080283708870411;1.015893936157227;0.1924980133771896;0;0
2849;577;-0.0137934535741806;1.018335223197937;0.1940238475799561;0;0
2853;578;-0.01922538690268993;1.015161514282227;0.1924369782209396;0;0
2863;579;-0.02380286157131195;1.010156750679016;0.1923759430646896;0;0
2863;580;-0.03002822585403919;1.001978397369385;0.1898735910654068;0;0
2869;581;-0.03826767578721046;0.9955699443817139;0.1881036311388016;0;0
2877;582;-0.05004704371094704;0.988001823425293;0.1782162934541702;0;0
2882;583;-0.05834752321243286;0.9828140139579773;0.1683899760246277;0;0
2883;584;-0.06579355150461197;0.9793961644172669;0.1591740101575851;0;0
2889;585;-0.06933346390724182;0.974208414554596;0.1566716581583023;0;0
2893;586;-0.06579355150461197;0.9715839624404907;0.1555120199918747;0;0
2898;587;-0.06530528515577316;0.973537027835846;0.1512397229671478;0;0
2903;588;-0.06225363910198212;0.9756121039390564;0.1407420486211777;0;0
2912;589;-0.05999542027711868;0.9787247776985169;0.1359814703464508;0;0
2913;590;-0.05352592468261719;0.9782975912094116;0.1399486213922501;0;0
2922;591;-0.04803295433521271;0.9787247776985169;0.1513617783784866;0;0
2930;592;-0.04528646916151047;0.9750018119812012;0.1608218997716904;0;0
2930;593;-0.04156345874071121;0.9759783148765564;0.1652162671089172;0;0
2939;594;-0.03930523991584778;0.9768328070640564;0.1675965487957001;0;0
2939;595;-0.03808457776904106;0.9786027669906616;0.1699158102273941;0;0
2947;596;-0.03985453397035599;0.9776262640953064;0.1741270869970322;0;0
2948;597;-0.03497189655900002;0.9800675511360169;0.1841975301504135;0;0
2953;598;-0.04302825033664703;0.9695698618888855;0.1882867366075516;0;0
2963;599;-0.05267145857214928;0.9767717719078064;0.1751036196947098;0;0
2963;600;-0.05572310835123062;0.9826309084892273;0.1638735383749008;0;0
2970;601;-0.05584517493844032;0.9871474504470825;0.159540206193924;0;0
2980;602;-0.05200009420514107;0.9863539338111877;0.1573430150747299;0;0
2980;603;-0.04510337114334106;0.988368034362793;0.1589298844337463;0;0
2988;604;-0.0474836565554142;0.989100456237793;0.1548406630754471;0;0
2988;605;-0.05200009420514107;0.987330436706543;0.1566716581583023;0;0
2993;606;-0.05517381429672241;0.9899548888206482;0.1551458239555359;0;0
2997;607;-0.05322076007723808;0.9930675625801086;0.1552678942680359;0;0
3002;608;-0.05377005785703659;0.9945323467254639;0.1603336334228516;0;0
3013;609;-0.05053530633449554;0.9966075420379639;0.165643498301506;0;0
3013;610;-0.0474226251244545;0.9978281259536743;0.1674134582281113;0;0
3017;611;-0.03979350253939629;1.000940799713135;0.1632632166147232;0;0
3031;612;-0.03552119061350822;1.001856327056885;0.1619815230369568;0;0
3031;613;-0.02795310318470001;1.000147461891174;0.1531927734613419;0;0
3040;614;-0.02142257615923882;0.9987435936927795;0.1500190645456314;0;0
3040;615;-0.01592960767447949;0.9954478740692139;0.1408641040325165;0;0
3047;616;-0.01055870577692986;0.9933117628097534;0.1383617669343948;0;0
3047;617;-0.00915494654327631;0.9903210997581482;0.1368359327316284;0;0
3062;618;-0.007568089291453362;0.9896497130393982;0.1395824253559113;0;0
3062;619;-0.006286396645009518;0.9854995012283325;0.1347608119249344;0;0
3062;620;-0.00665259500965476;0.9837905764579773;0.1353711485862732;0;0
3067;621;-0.007751188240945339;0.9803727269172669;0.1307326406240463;0;0
3078;622;-0.01098593603819609;0.9770768880844116;0.1320753693580627;0;0
3078;623;-0.0168451014906168;0.975246012210846;0.1354932188987732;0;0
3087;624;-0.02465732395648956;0.974025309085846;0.1369580030441284;0;0
3087;625;-0.02880756556987763;0.973231852054596;0.1387279629707336;0;0
3092;626;-0.03600945696234703;0.9734759330749512;0.1406199783086777;0;0
3096;627;-0.03997660055756569;0.975429117679596;0.1400706768035889;0;0
3107;628;-0.04894844815135002;0.9759173393249512;0.1410472095012665;0;0
3107;629;-0.05816442519426346;0.9782365560531616;0.1474556773900986;0;0
3112;630;-0.06365739554166794;0.9807389378547669;0.1531317383050919;0;0
3117;631;-0.07012689113616943;0.987208366394043;0.1561223566532135;0;0
3128;632;-0.07397197186946869;0.990077018737793;0.1548406630754471;0;0
3128;633;-0.07372783869504929;0.9942882657051086;0.1541692912578583;0;0
3136;634;-0.07067618519067764;0.9982553124427795;0.1549016982316971;0;0
3136;635;-0.06933346390724182;0.9987435936927795;0.1544744670391083;0;0
3141;636;-0.06719730794429779;0.9976450204849243;0.1547185927629471;0;0
3145;637;-0.06603768467903137;0.9979501962661743;0.1593571156263351;0;0
3156;638;-0.06359636038541794;0.9977061152458191;0.1633852869272232;0;0
3156;639;-0.05810339376330376;0.9995371103286743;0.165704533457756;0;0
3160;640;-0.05383108928799629;1.002039432525635;0.1663148552179337;0;0
3167;641;-0.04260101914405823;1.003077030181885;0.1630190908908844;0;0
3177;642;-0.04144139215350151;1.004480719566345;0.1626528799533844;0;0
3177;643;-0.0410141609609127;1.004419803619385;0.159418135881424;0;0
3183;644;-0.03906110301613808;1.005457282066345;0.1520331501960754;0;0
3185;645;-0.03716908395290375;1.003687262535095;0.1531317383050919;0;0
3190;646;-0.03643668815493584;1.002527713775635;0.1460519134998322;0;0
3195;647;-0.03533809259533882;1.000025391578674;0.1407420486211777;0;0
3214;648;-0.03552119061350822;0.9924572706222534;0.1374462693929672;0;0
3214;649;-0.03704701736569405;0.989405632019043;0.1372021287679672;0;0
3214;650;-0.03802354633808136;0.987513542175293;0.1470894813537598;0;0
3223;651;-0.03533809259533882;0.9834854006767273;0.1502631902694702;0;0
3223;652;-0.03472776338458061;0.9809830188751221;0.1440988630056381;0;0
3228;653;-0.03167611360549927;0.9767107963562012;0.1447091996669769;0;0
3241;654;-0.03173714876174927;0.9729267358779907;0.1469063758850098;0;0
3241;655;-0.03283574432134628;0.9692037105560303;0.1482491046190262;0;0
3241;656;-0.02892963029444218;0.9673116207122803;0.1513007581233978;0;0
3251;657;-0.03124888427555561;0.9646872282028198;0.1545965224504471;0;0
3251;658;-0.0336291715502739;0.9648703336715698;0.1653993725776672;0;0
3262;659;-0.03106578625738621;0.9663961529731751;0.1690003275871277;0;0
3262;660;-0.03112681955099106;0.9681050777435303;0.1721740365028381;0;0
3271;661;-0.02758690714836121;0.9712177515029907;0.1699768453836441;0;0
3271;662;-0.02740380726754665;0.9751238822937012;0.1726012676954269;0;0
3276;663;-0.0272817425429821;0.9764056205749512;0.1724791973829269;0;0
3287;664;-0.02935686148703098;0.9745135307312012;0.1670472621917725;0;0
3287;665;-0.03588739037513733;0.974086344242096;0.1671693176031113;0;0
3290;666;-0.03686391934752464;0.974757730960846;0.1621646285057068;0;0
3294;667;-0.03698598593473434;0.9713398814201355;0.1587467789649963;0;0
3307;668;-0.03539912775158882;0.9727436304092407;0.1558171808719635;0;0
3307;669;-0.03234747797250748;0.9687154293060303;0.1553899496793747;0;0
3311;670;-0.02624417841434479;0.9659689664840698;0.1563664972782135;0;0
3323;671;-0.01867609098553658;0.9622458815574646;0.1597843319177628;0;0
3323;672;-0.01513617858290672;0.9546778798103333;0.1576481908559799;0;0
3331;673;-0.01184039749205113;0.953579306602478;0.1608829349279404;0;0
3331;674;-0.003967143595218658;0.9610252976417542;0.1680848151445389;0;0
3336;675;0.0002441319084027782;0.9635886549949646;0.1720519661903381;0;0
3338;676;0.005187802948057652;0.9631614685058594;0.1773007959127426;0;0
3352;677;0.01562444213777781;0.9652976393699646;0.1802303791046143;0;0
3352;678;0.0272817425429821;0.9632834792137146;0.1842585653066635;0;0
3356;679;0.03900007158517838;0.9627341628074646;0.1861505806446075;0;0
3364;680;0.05004704371094704;0.9526637196540833;0.189690500497818;0;0
3364;681;0.05499071255326271;0.9453397989273071;0.1813289821147919;0;0
3374;682;0.05846958979964256;0.937039315700531;0.1675355136394501;0;0
3374;683;0.06066678091883659;0.9305087924003601;0.1545965224504471;0;0
3379;684;0.06286396831274033;0.921658992767334;0.1453805565834045;0;0
3383;685;0.06146020814776421;0.9194618463516235;0.1437937021255493;0;0
3387;686;0.060910914093256;0.9145181179046631;0.1490425318479538;0;0
3402;687;0.05712686479091644;0.9135416150093079;0.1555730551481247;0;0
3402;688;0.04998600855469704;0.9122599363327026;0.1585636734962463;0;0
3404;689;0.03997660055756569;0.9114054441452026;0.1598453670740128;0;0
3412;690;0.0271596759557724;0.9153726100921631;0.1564885675907135;0;0
3412;691;0.01452584844082594;0.9147012233734131;0.1519721150398254;0;0
3420;692;0.00427230866625905;0.9126261472702026;0.1455636620521545;0;0
3427;693;-0.002319253282621503;0.9119547605514526;0.1478829085826874;0;0
3427;694;-0.007873253896832466;0.9121378660202026;0.1434274911880493;0;0
3433;695;-0.01653993688523769;0.9145181179046631;0.1384838223457336;0;0
3437;696;-0.02618314698338509;0.9179970622062683;0.1320753693580627;0;0
3458;697;-0.03240850940346718;0.9234899878501892;0.1303664296865463;0;0
3458;698;-0.03820664435625076;0.9307529330253601;0.1300612688064575;0;0
3458;699;-0.04998600855469704;0.9334994554519653;0.1201129034161568;0;0
3458;700;-0.06548838317394257;0.9274571537971497;0.1090048998594284;0;0
3464;701;-0.07738981395959854;0.9172036051750183;0.09130533784627914;0;0
3474;702;-0.08630063384771347;0.9046918153762817;0.07964804023504257;0;0
3474;703;-0.0883757546544075;0.8932176232337952;0.07757291197776794;0;0
3481;704;-0.08916918188333511;0.8777763247489929;0.08935227990150452;0;0
3481;705;-0.08520203828811646;0.8620908260345459;0.1101034954190254;0;0
3489;706;-0.07659638673067093;0.8431705832481384;0.1270096302032471;0;0
3499;707;-0.06518321484327316;0.8234569430351257;0.135554239153862;0;0
3499;708;-0.04980291053652763;0.8044146299362183;0.1384838223457336;0;0
3503;709;-0.03246954455971718;0.789461612701416;0.1458077877759934;0;0
3526;710;-0.02050708048045635;0.7727385759353638;0.1587467789649963;0;0
3526;711;-0.01123006734997034;0.7604708671569824;0.1802914142608643;0;0
3526;712;-0.01257279329001904;0.7623629570007324;0.1968923956155777;0;0
3526;713;-0.02087327837944031;0.7720671892166138;0.1961599886417389;0;0
3526;714;-0.02929582819342613;0.7891563773155212;0.1940848827362061;0;0
3555;715;-0.03204231336712837;0.8167433142662048;0.2096482813358307;0;0
3555;716;-0.01818782836198807;0.8467105031013489;0.2546295821666718;0;0
3556;717;0.0005492967902682722;0.8769218325614929;0.3032118380069733;0;0
3556;718;0.0336291715502739;0.9032270312309265;0.3304325342178345;0;0
3556;719;0.06713628023862839;0.9221472144126892;0.3401978313922882;0;0
3556;720;0.108882836997509;0.9400909543037415;0.3459349274635315;0;0
3563;721;0.1440988630056381;0.9620018005371094;0.364488959312439;0;0
3600;722;0.163751482963562;0.9805558323860169;0.3739490509033203;0;0
3600;723;0.161798432469368;0.9992318749427795;0.3816392123699188;0;0
3600;724;0.1454415917396545;1.008325815200806;0.3818833529949188;0;0
3600;725;0.1156574934720993;1.009912729263306;0.368334025144577;0;0
3600;726;0.09087810665369034;1.002344608306885;0.327197790145874;0;0
3600;727;0.06487805396318436;0.9820206165313721;0.29698646068573;0;0
3600;728;0.03533809259533882;0.9762834906578064;0.2598173916339874;0;0
3627;729;0.02899066358804703;0.9791520833969116;0.2499910742044449;0;0
3627;730;0.03826767578721046;0.974269449710846;0.256582647562027;0;0
3627;731;0.05639447271823883;0.9700580835342407;0.2697047293186188;0;0
3627;732;0.09386871755123138;0.9570581316947937;0.2843526601791382;0;0
3627;733;0.1434274911880493;0.9403350949287415;0.3104747533798218;0;0
3627;734;0.1992116421461105;0.9154946804046631;0.3621086478233337;0;0
3635;735;0.2607328593730927;0.8949875831604004;0.420273095369339;0;0
3635;736;0.3085217177867889;0.884672999382019;0.4794750809669495;0;0
3660;737;0.342211902141571;0.8913255929946899;0.5403859615325928;0;0
3660;738;0.3622307181358337;0.9251989722251892;0.5928133130073547;0;0
3666;739;0.3806016445159912;0.9562646746635437;0.6409072875976563;0;0
3666;740;0.3822495341300964;0.9715229272842407;0.6807618141174316;0;0
3666;741;0.3837143480777741;0.9678609967231751;0.692541241645813;0;0
3666;742;0.3757800459861755;0.9471707940101624;0.662635087966919;0;0
3673;743;0.3549678027629852;0.9235510230064392;0.6287007331848145;0;0
3695;744;0.3202400207519531;0.8942551612854004;0.6128931641578674;0;0
3695;745;0.2804465293884277;0.854522705078125;0.5981842279434204;0;0
3695;746;0.2375403642654419;0.8215649127960205;0.5914095640182495;0;0
3695;747;0.1970754861831665;0.7947714328765869;0.5685221552848816;0;0
3695;748;0.1729064285755158;0.7762784361839294;0.5409963130950928;0;0
3708;749;0.1632021814584732;0.7627901434898377;0.5080994963645935;0;0
3708;750;0.1813289821147919;0.7493018507957459;0.5005314350128174;0;0
3719;751;0.2233196496963501;0.7348370552062988;0.5305596590042114;0;0
3719;752;0.2900287210941315;0.7195788025856018;0.5765175223350525;0;0
3719;753;0.3804795742034912;0.7087759375572205;0.6528697609901428;0;0
3730;754;0.4987615048885346;0.7154285907745361;0.744053065776825;0;0
3730;755;0.6149682998657227;0.7290389537811279;0.8067949414253235;0;0
3742;756;0.7023674845695496;0.7524145245552063;0.8229687213897705;0;0
3743;757;0.7569310069084168;0.7717620134353638;0.7931845784187317;0;0
3743;758;0.7713958024978638;0.7818324565887451;0.7439919710159302;0;0
3756;759;0.7654145956039429;0.7793911099433899;0.7244004011154175;0;0
3756;760;0.7460671067237854;0.7930014729499817;0.7634004950523377;0;0
3773;761;0.7047477960586548;0.8345649838447571;0.8097245097160339;0;0
3773;762;0.6495739817619324;0.8750908374786377;0.8261423707008362;0;0
3773;763;0.5989776253700256;0.9107340574264526;0.8099076151847839;0;0
3774;764;0.557841420173645;0.9465605020523071;0.789705753326416;0;0
3782;765;0.5192685723304749;0.9940440654754639;0.7995319962501526;0;0
3795;766;0.4949774444103241;1.060203790664673;0.8349310755729675;0;0
3795;767;0.4813670814037323;1.157185316085815;0.8379217386245728;0;0
3795;768;0.4898506700992584;1.270584583282471;0.8644101023674011;0;0
3802;769;0.5104798078536987;1.389904022216797;0.9422881603240967;0;0
3802;770;0.5333671569824219;1.532232880592346;1.032433867454529;0;0
3808;771;0.5554000735282898;1.685547709465027;1.075095891952515;0;0
3814;772;0.5532639026641846;1.856562256813049;1.062401056289673;0;0
3819;773;0.5195737481117249;1.999867558479309;1.020532488822937;0;0
3825;774;0.4629351496696472;1.999867558479309;0.9779924750328064;0;0
3830;775;0.4044655561447144;1.999867558479309;0.9840956926345825;0;0
3835;776;0.3542964458465576;1.999867558479309;0.9884900450706482;0;0
3841;777;0.3143198490142822;1.999867558479309;0.9851332902908325;0;0
3848;778;0.2748925387859345;1.999867558479309;0.9403960704803467;0;0
3848;779;0.2520661950111389;1.999867558479309;0.8655086755752564;0;0
3854;780;0.1954275965690613;1.999867558479309;0.7987996339797974;0;0
3860;781;0.1608829349279404;1.999867558479309;0.7403299808502197;0;0
3865;782;0.1379955559968948;1.999867558479309;0.6730716824531555;0;0
3868;783;0.1157185211777687;1.999867558479309;0.6416397094726563;0;0
3872;784;0.105403944849968;1.999867558479309;0.609414279460907;0;0
3878;785;0.0951504111289978;1.999867558479309;0.5786536931991577;0;0
3890;786;0.06481701880693436;1.999867558479309;0.5120667219161987;0;0
3890;787;0.0543803833425045;1.999867558479309;0.3718129098415375;0;0
3893;788;0.02618314698338509;1.917534112930298;0.2792868912220001;0;0
3903;789;-0.01226762868463993;1.78210186958313;0.2322304844856262;0;0
3903;790;-0.05242732539772987;1.641054749488831;0.2071459144353867;0;0
3911;791;-0.06927242875099182;1.48218584060669;0.2017139941453934;0;0
3911;792;-0.07824428379535675;1.315504789352417;0.2265544086694717;0;0
3917;793;-0.08007527142763138;1.144795656204224;0.2496858984231949;0;0
3922;794;-0.06304706633090973;0.9610862731933594;0.2653103470802307;0;0
3926;795;-0.03173714876174927;0.7676727771759033;0.2703150510787964;0;0
3943;796;0.003417846746742725;0.5770057439804077;0.2743432223796845;0;0
3943;797;0.03198127821087837;0.4098364412784576;0.2537751197814941;0;0
3944;798;0.05029117316007614;0.2159346789121628;0.2357093542814255;0;0
3956;799;0.05029117316007614;0.01055870577692986;0.2268595844507217;0;0
3956;800;0.03820664435625076;-0.1679017245769501;0.2056811302900314;0;0
3956;801;0.03625359013676643;-0.2843526601791382;0.1832820326089859;0;0
3963;802;0.0474226251244545;-0.3497189581394196;0.1733336597681046;0;0
3977;803;0.06731937825679779;-0.3609490096569061;0.1400706768035889;0;0
3977;804;0.07513159513473511;-0.3192024827003479;0.1071128845214844;0;0
3977;805;0.05267145857214928;-0.2772117853164673;0.06866209954023361;0;0
3980;806;0.02239910326898098;-0.2537140846252441;0.001953055267222226;0;0
3985;807;-0.01995778456330299;-0.2526765167713165;-0.08916918188333511;0;0
4004;808;-0.07885461300611496;-0.2485873103141785;-0.1627139151096344;0;0
4004;809;-0.1437937021255493;-0.2385779172182083;-0.1749205142259598;0;0
4004;810;-0.2056201100349426;-0.2058032006025314;-0.1567937284708023;0;0
4020;811;-0.2556671500205994;-0.1574650853872299;-0.1340284198522568;0;0
4020;812;-0.2871601581573486;-0.1046715527772903;-0.1223711222410202;0;0
4020;813;-0.2928362488746643;-0.05755409598350525;-0.1027185022830963;0;0
4021;814;-0.2636014223098755;-0.0271596759557724;-0.06969965994358063;0;0
4038;815;-0.2116623520851135;-0.01495308056473732;-0.02514558658003807;0;0
4038;816;-0.161798432469368;-0.00189202232286334;0.007873253896832466;0;0
4038;817;-0.1240800470113754;0.02160567417740822;0.01751646399497986;0;0
4052;818;-0.1114462167024612;0.05340385809540749;-0.008727715350687504;0;0
4052;819;-0.1246293410658836;0.08410344272851944;-0.05016910657286644;0;0
4052;820;-0.1626528799533844;0.1061363443732262;-0.08068560063838959;0;0
4059;821;-0.2083055526018143;0.1128499731421471;-0.08398137241601944;0;0
4064;822;-0.2557892203330994;0.1119955182075501;-0.0744602307677269;0;0
4064;823;-0.2990615963935852;0.1056480780243874;-0.06237570196390152;0;0
4075;824;-0.3243292570114136;0.09325838834047318;-0.03796251118183136;0;0
4075;825;-0.3239020109176636;0.0747043639421463;-0.03539912775158882;0;0
4091;826;-0.3064465820789337;0.05480761453509331;-0.05920198559761047;0;0
4091;827;-0.2758080363273621;0.0339953675866127;-0.07397197186946869;0;0
4091;828;-0.2394323647022247;0.01855402626097202;-0.09240393340587616;0;0
4105;829;-0.1998219639062882;0.005737100262194872;-0.09075604379177094;0;0
4105;830;-0.1644228398799896;-0.002380286110565066;-0.07623019069433212;0;0
4105;831;-0.1301833391189575;0.0006103297346271575;-0.06860106438398361;0;0
4112;832;-0.09923962503671646;0.0167840700596571;-0.04809398576617241;0;0
4137;833;-0.06213157251477242;0.04003763571381569;-0.003661978524178267;0;0
4137;834;-0.0235587302595377;0.05993438512086868;0.030455457046628;0;0
4137;835;0.01342725567519665;0.07073722034692764;0.04662919417023659;0;0
4137;836;0.05224422737956047;0.07915977388620377;0.04913154989480972;0;0
4137;837;0.09277012944221497;0.09051190316677094;0.0404038317501545;0;0
4140;838;0.1224321573972702;0.1024743691086769;0.02868549898266792;0;0
4155;839;0.1433054208755493;0.1165729835629463;0.01000940892845392;0;0
4155;840;0.161432221531868;0.1264603286981583;0.001159626641310751;0;0
4155;841;0.1739439815282822;0.1365918070077896;-0.007201891392469406;0;0
4164;842;0.1782162934541702;0.137690395116806;-0.006042264867573977;0;0
4164;843;0.1760191023349762;0.1334791332483292;-0.001159626641310751;0;0
4184;844;0.1627139151096344;0.1226762905716896;0.01245072763413191;0;0
4184;845;0.1383617669343948;0.1052818819880486;0.02197187207639217;0;0
4184;846;0.1136434003710747;0.08440861105918884;0.02081224508583546;0;0
4184;847;0.09624900668859482;0.06310810148715973;0.005554000847041607;0;0
4195;848;0.08312691748142242;0.04589680209755898;-0.002197187161073089;0;0
4195;849;0.07616915553808212;0.0268545113503933;0.01476997975260019;0;0
4209;850;0.08092972636222839;0.01135213393718004;0.04455407336354256;0;0
4209;851;0.08569030463695526;0.01269485894590616;0.08959641307592392;0;0
4209;852;0.09460111707448959;0.03716908395290375;0.1449533253908157;0;0
4213;853;0.1090048998594284;0.09350252151489258;0.2054370045661926;0;0
4220;854;0.1367748975753784;0.1796200424432755;0.2853291630744934;0;0
4226;855;0.1679017245769501;0.2933855056762695;0.3945781886577606;0;0
4233;856;0.2041553258895874;0.4370571672916412;0.513104259967804;0;0
4234;857;0.2814230620861054;0.8445133566856384;0.7419168949127197;0;0
4241;858;0.2814230620861054;0.8445133566856384;0.7419168949127197;0;0
4255;859;0.2683619856834412;1.163410544395447;0.8291940689086914;0;0
4255;860;0.1443430036306381;1.890618562698364;0.5182310342788696;0;0
4255;861;0.1029016003012657;1.999867558479309;0.2709864377975464;0;0
4262;862;0.08343207836151123;1.999867558479309;0.2830709517002106;0;0
4262;863;0.133906364440918;1.999867558479309;0.4246674478054047;0;0
4267;864;0.2243572324514389;1.999867558479309;0.4758131206035614;0;0
4279;865;0.2685451209545136;1.999867558479309;0.5442920923233032;0;0
4279;866;0.2930193245410919;1.999867558479309;0.6426162123680115;0;0
4282;867;0.3018690943717957;1.999867558479309;0.5599775910377502;0;0
4287;868;0.2744652926921845;1.999867558479309;0.2978409230709076;0;0
4294;869;0.2653103470802307;1.999867558479309;0.1854181885719299;0;0
4301;870;0.2385168820619583;1.999867558479309;0.2232586294412613;0;0
4301;871;0.1343946158885956;1.63617217540741;0.2116013318300247;0;0
4306;872;0.0238638948649168;1.243669033050537;0.06042265146970749;0;0
4312;873;-0.01208452973514795;0.9891614317893982;-0.03863387554883957;0;0
4316;874;0.03130991756916046;0.8428043723106384;0.0540752224624157;0;0
4325;875;0.1148640587925911;0.7235459685325623;0.2329628765583038;0;0
4326;876;0.1841975301504135;0.6736820340156555;0.4369350671768189;0;0
4331;877;0.1933524757623673;0.7380717992782593;0.5931795239448547;0;0
4338;878;0.1317091733217239;0.8935227990150452;0.608437716960907;0;0
4346;879;0.01757749728858471;1.095175743103027;0.5495409369468689;0;0
4346;880;-0.1143757998943329;1.378185629844666;0.4457238614559174;0;0
4354;881;-0.2119675278663635;1.672913908958435;0.445662796497345;0;0
4358;882;-0.2949113547801971;1.999867558479309;0.5644940137863159;0;0
4361;883;-0.3174325227737427;1.999867558479309;0.7372173070907593;0;0
4377;884;-0.255972295999527;1.999867558479309;0.840424120426178;0;0
4377;885;-0.1157795563340187;1.999867558479309;0.8753350377082825;0;0
4377;886;0.06451185792684555;1.999867558479309;0.8277902603149414;0;0
4383;887;0.2350379973649979;1.999867558479309;0.7226304411888123;0;0
4394;888;0.3353151679039002;1.999867558479309;0.6335223317146301;0;0
4394;889;0.3246344029903412;1.999867558479309;0.5922639966011047;0;0
4403;890;0.2413244098424912;1.661134481430054;0.5201230645179749;0;0
4403;891;0.1793759167194367;1.324476599693298;0.379381000995636;0;0
4410;892;0.1906670182943344;1.120138287544251;0.2513948380947113;0;0
4411;893;0.2487704157829285;0.9626731872558594;0.1920097470283508;0;0
4425;894;0.2953385710716248;0.8117386102676392;0.1867609173059464;0;0
4426;895;0.29729163646698;0.7021843791007996;0.2049487382173538;0;0
4426;896;0.2681789100170136;0.6417617797851563;0.2112351357936859;0;0
4433;897;0.2266154587268829;0.5771889090538025;0.2061693966388702;0;0
4435;898;0.1827327460050583;0.5037051439285278;0.1624697893857956;0;0
4441;899;0.124751403927803;0.5094422698020935;0.1029016003012657;0;0
4445;900;0.05627240613102913;0.5223812460899353;0.1014978438615799;0;0
4450;901;-0.001342725590802729;0.5382498502731323;0.07592502236366272;0;0
4455;902;-0.04998600855469704;0.5406301021575928;0.04351651296019554;0;0
4460;903;-0.1016199067234993;0.5373953580856323;0.03277470916509628;0;0
4503;904;-0.1498969942331314;0.5817663669586182;0.04626299813389778;0;0
4504;905;-0.1864557415246964;0.6234518885612488;0.07580295950174332;0;0
4504;906;-0.2229534536600113;0.6703251600265503;0.06231467053294182;0;0
4504;907;-0.2230755239725113;0.7557713985443115;0.004821605049073696;0;0
4504;908;-0.2039111703634262;0.8509217500686646;0.01702820137143135;0;0
4504;909;-0.1578923165798187;0.9145181179046631;0.07397197186946869;0;0
4505;910;-0.1013147458434105;0.9399688839912415;0.1360425055027008;0;0
4505;911;-0.05785926058888435;0.9483304619789124;0.178704559803009;0;0
4505;912;-0.02819723635911942;0.9502224326133728;0.2170943021774292;0;0
4521;913;-0.007812221068888903;0.9344759583473206;0.2554840445518494;0;0
4521;914;0.01385448593646288;0.9175087809562683;0.270803302526474;0;0
4521;915;0.02825826779007912;0.8960861563682556;0.2677516639232636;0;0
4528;916;0.03924420475959778;0.8730767369270325;0.2429112643003464;0;0
4533;917;0.04388271272182465;0.854705810546875;0.2076952308416367;0;0
4546;918;0.04827708378434181;0.8269357681274414;0.1741270869970322;0;0
4546;919;0.05267145857214928;0.7921470403671265;0.1544744670391083;0;0
4546;920;0.04272308573126793;0.7519263029098511;0.1437937021255493;0;0
4555;921;0.02783103846013546;0.722264289855957;0.1343335807323456;0;0
4555;922;0.00561503367498517;0.70645672082901;0.1276809871196747;0;0
4565;923;-0.01855402626097202;0.6965693831443787;0.1229814514517784;0;0
4565;924;-0.04022073373198509;0.7013299465179443;0.1212725341320038;0;0
4574;925;-0.05938509106636047;0.7225694060325623;0.1277420222759247;0;0
4575;926;-0.07055412232875824;0.7601047158241272;0.1442209333181381;0;0
4585;927;-0.07323957234621048;0.8039873838424683;0.1572209596633911;0;0
4585;928;-0.07000482082366943;0.8537903428077698;0.1513617783784866;0;0
4591;929;-0.05804235860705376;0.9120157361030579;0.1304274648427963;0;0
4597;930;-0.03832871094346046;0.9648703336715698;0.1102255582809448;0;0
4605;931;-0.001953055267222226;1.011682629585266;0.1156574934720993;0;0
4605;932;0.03698598593473434;1.053246140480042;0.1350659877061844;0;0
4609;933;0.07989216595888138;1.088095903396606;0.1503852605819702;0;0
4619;934;0.1262772232294083;1.11513364315033;0.176385298371315;0;0
4619;935;0.1660707294940949;1.136678099632263;0.1852961182594299;0;0
4624;936;0.1938407421112061;1.148152351379395;0.1992116421461105;0;0
4634;937;0.2158736437559128;1.148945808410645;0.2040332555770874;0;0
4634;938;0.2280192077159882;1.143635988235474;0.1991506069898605;0;0
4647;939;0.2249675542116165;1.128743886947632;0.200371265411377;0;0
4647;940;0.2144698947668076;1.109030246734619;0.1912773549556732;0;0
4656;941;0.1911552846431732;1.086631059646606;0.1779111325740814;0;0
4656;942;0.163812518119812;1.066551327705383;0.1647280007600784;0;0
4659;943;0.135920450091362;1.046776652336121;0.1583195477724075;0;0
4672;944;0.1065025553107262;1.030724883079529;0.1422068327665329;0;0
4672;945;0.07098135352134705;1.019128680229187;0.1199908405542374;0;0
4672;946;0.03259160742163658;1.004541754722595;0.0951504111289978;0;0
4679;947;-0.005920198746025562;0.9864149689674377;0.07421610504388809;0;0
4682;948;-0.03912214189767838;0.9704853892326355;0.05663860216736794;0;0
4690;949;-0.06829590350389481;0.9607201218605042;0.04504233598709106;0;0
4693;950;-0.08977951109409332;0.9540064930915833;0.03967143595218658;0;0
4697;951;-0.1010706126689911;0.9495510458946228;0.04437097534537315;0;0
4702;952;-0.1053429171442986;0.9464994072914124;0.05010807514190674;0;0
4707;953;-0.1008875146508217;0.950527548789978;0.05901888757944107;0;0
4715;954;-0.09289219230413437;0.9540064930915833;0.07281234115362167;0;0
4718;955;-0.08080766350030899;0.9541895985603333;0.0881316214799881;0;0
4722;956;-0.07299544662237167;0.9505886435508728;0.1047936156392098;0;0
4730;957;-0.06402359157800674;0.9483914375305176;0.1282913237810135;0;0
4746;958;-0.05761513113975525;0.9430815577507019;0.1473946422338486;0;0
4747;959;-0.05560104176402092;0.9622458815574646;0.1320143342018127;0;0
4747;960;-0.05261042341589928;0.9699360728263855;0.137690395116806;0;0
4747;961;-0.04797191917896271;0.9714619517326355;0.1462350189685822;0;0
4756;962;-0.04388271272182465;0.9780534505844116;0.1543523967266083;0;0
4757;963;-0.0406479649245739;0.9844619035720825;0.1572209596633911;0;0
4766;964;-0.04022073373198509;0.9916027784347534;0.1573430150747299;0;0
4773;965;-0.03869490697979927;0.9965464472770691;0.1567937284708023;0;0
4773;966;-0.03814560920000076;1.000391483306885;0.1547185927629471;0;0
4777;967;-0.04327238351106644;0.9984384775161743;0.1463570892810822;0;0
4793;968;-0.04931464791297913;0.9925183057785034;0.1343335807323456;0;0
4793;969;-0.05859165638685226;0.9827530384063721;0.1187091395258904;0;0
4794;970;-0.06939449906349182;0.9798234701156616;0.1019861027598381;0;0
4800;971;-0.07623019069433212;0.9800675511360169;0.08715509623289108;0;0
4801;972;-0.07958700507879257;0.9791520833969116;0.08038043230772018;0;0
4807;973;-0.08092972636222839;0.9841567873954773;0.07732877880334854;0;0
4817;974;-0.0814179927110672;0.987330436706543;0.07153064757585526;0;0
4818;975;-0.07781704515218735;0.9925792813301086;0.07220201939344406;0;0
4825;976;-0.0681128054857254;0.9976450204849243;0.07922080904245377;0;0
4829;977;-0.05651653558015823;1.003687262535095;0.0812348946928978;0;0
4837;978;-0.04577473551034927;1.003992438316345;0.08959641307592392;0;0
4837;979;-0.03613152354955673;1.002771854400635;0.09923962503671646;0;0
4841;980;-0.02477938868105412;0.9983775019645691;0.1063804849982262;0;0
4846;981;-0.01269485894590616;0.9954478740692139;0.1146199330687523;0;0
4850;982;-0.00848358403891325;0.9953868389129639;0.1157185211777687;0;0
4860;983;-0.01043663918972015;0.9995980858802795;0.1229204162955284;0;0
4860;984;-0.01074180472642183;1.001734256744385;0.1167560815811157;0;0
4866;985;-0.01184039749205113;0.9975840449333191;0.109798327088356;0;0
4872;986;-0.01123006734997034;0.9968516230583191;0.1144368350505829;0;0
4879;987;-0.01470894739031792;0.9971567988395691;0.108943872153759;0;0
4885;988;-0.01989675126969814;0.9987435936927795;0.105526015162468;0;0
4885;989;-0.02844136767089367;0.9989877939224243;0.09923962503671646;0;0
4890;990;-0.03448363393545151;1.002649784088135;0.09075604379177094;0;0
4895;991;-0.03912214189767838;1.001185059547424;0.0881316214799881;0;0
4900;992;-0.04485923796892166;1.000635743141174;0.08916918188333511;0;0
4905;993;-0.05254939198493958;1.000757694244385;0.09234289824962616;0;0
4915;994;-0.05682170018553734;1.000452518463135;0.09429594874382019;0;0
4915;995;-0.05651653558015823;1.000574588775635;0.09240393340587616;0;0
4928;996;-0.05743202939629555;1.002588748931885;0.09637106955051422;0;0
4929;997;-0.05212216079235077;1.005152106285095;0.09728656709194183;0;0
4939;998;-0.04986394196748734;1.001734256744385;0.09899549186229706;0;0
4939;999;-0.04479820653796196;1.000818848609924;0.09893445670604706;0;0
4939;1000;-0.04156345874071121;0.9977670907974243;0.09350252151489258;0;0
4960;1001;-0.03649772331118584;0.9938609600067139;0.09551660716533661;0;0
4960;1002;-0.03704701736569405;0.9906262159347534;0.09063397347927094;0;0
4960;1003;-0.03698598593473434;0.9878187775611877;0.09142740070819855;0;0
4960;1004;-0.03259160742163658;0.9858046770095825;0.09460111707448959;0;0
4979;1005;-0.02953995950520039;0.9849501848220825;0.09283115714788437;0;0
4979;1006;-0.02673244662582874;0.9833633303642273;0.09411285072565079;0;0
4979;1007;-0.02313149906694889;0.9859877824783325;0.09118327498435974;0;0
4990;1008;-0.02136154286563397;0.989893913269043;0.09307529032230377;0;0
4990;1009;-0.02423009276390076;0.9924572706222534;0.09899549186229706;0;0
4990;1010;-0.02435215935111046;0.9916638135910034;0.09960582107305527;0;0
5003;1011;-0.02514558658003807;0.9921520948410034;0.1025964319705963;0;0
5003;1012;-0.02465732395648956;0.9899548888206482;0.1076621785759926;0;0
5014;1013;-0.02154464088380337;0.9864149689674377;0.107906311750412;0;0
5014;1014;-0.01922538690268993;0.9839736819267273;0.1173053756356239;0;0
5014;1015;-0.01763853058218956;0.9848890900611877;0.1124837771058083;0;0
5026;1016;-0.01867609098553658;0.9853163957595825;0.09209876507520676;0;0
5026;1017;-0.02166670747101307;0.9853163957595825;0.08196728676557541;0;0
5041;1018;-0.02587798237800598;0.9806778430938721;0.06872313469648361;0;0
5041;1019;-0.03057752177119255;0.9804337620735169;0.05907991901040077;0;0
5041;1020;-0.03637565672397614;0.9812272191047669;0.05517381429672241;0;0
5056;1021;-0.0405869297683239;0.9835464954376221;0.06042265146970749;0;0
5056;1022;-0.04302825033664703;0.9829360842704773;0.07397197186946869;0;0
5056;1023;-0.04150242358446121;0.986842155456543;0.0883147194981575;0;0
5067;1024;-0.03735218197107315;0.9930065870285034;0.09679830074310303;0;0
5067;1025;-0.0337512381374836;0.9955699443817139;0.1047325879335403;0;0
5091;1026;-0.03155405074357987;0.9986826181411743;0.1010095775127411;0;0
5091;1027;-0.03277470916509628;1.001856327056885;0.09997201710939407;0;0
5091;1028;-0.03570429235696793;1.002771854400635;0.094662144780159;0;0
5091;1029;-0.04174655675888062;1.003321051597595;0.09020674228668213;0;0
5091;1030;-0.04803295433521271;1.006189703941345;0.08544617146253586;0;0
5109;1031;-0.05541794374585152;1.009485483169556;0.08477480709552765;0;0
5110;1032;-0.06036161631345749;1.011865735054016;0.0812348946928978;0;0
5110;1033;-0.06689214706420898;1.014429092407227;0.07360577583312988;0;0
5110;1034;-0.07323957234621048;1.015527725219727;0.07037102431058884;0;0
5129;1035;-0.08038043230772018;1.017480850219727;0.0679907351732254;0;0
5129;1036;-0.07989216595888138;1.016992568969727;0.07055412232875824;0;0
5129;1037;-0.07690154761075974;1.019799947738648;0.0750095322728157;0;0
5129;1038;-0.07293441146612167;1.017846941947937;0.08269968628883362;0;0
5135;1039;-0.06396255642175674;1.015771865844727;0.08379827439785004;0;0
5155;1040;-0.05810339376330376;1.013025403022766;0.08581236749887466;0;0
5155;1041;-0.05126770213246346;1.008386850357056;0.0878264531493187;0;0
5155;1042;-0.04437097534537315;1.004175543785095;0.08654476702213287;0;0
5155;1043;-0.03954936936497688;1.002344608306885;0.08318794518709183;0;0
5162;1044;-0.03936627134680748;0.9956310391426086;0.07836634665727615;0;0
5162;1045;-0.03869490697979927;0.9940440654754639;0.07507055997848511;0;0
5169;1046;-0.03900007158517838;0.9926403760910034;0.07177478075027466;0;0
5177;1047;-0.04211275279521942;0.9947765469551086;0.06976069509983063;0;0
5177;1048;-0.03869490697979927;0.9961802363395691;0.07348370552062988;0;0
5183;1049;-0.03546015918254852;0.9968516230583191;0.07146961241960526;0;0
5188;1050;-0.03143198415637016;0.9975230097770691;0.07342267036437988;0;0
5194;1051;-0.03082165494561195;0.9974619150161743;0.07800014317035675;0;0
5201;1052;-0.0306385550647974;0.9995371103286743;0.07800014317035675;0;0
5209;1053;-0.02850240096449852;0.9979501962661743;0.08013629913330078;0;0
5209;1054;-0.02856343239545822;0.9972178339958191;0.07903771102428436;0;0
5215;1055;-0.02929582819342613;0.9963023066520691;0.0811738595366478;0;0
5216;1056;-0.03314090892672539;0.9941051602363586;0.07726775109767914;0;0
5224;1057;-0.03539912775158882;0.9931285977363586;0.08050249516963959;0;0
5246;1058;-0.03790147975087166;0.9944713711738586;0.08312691748142242;0;0
5247;1059;-0.04119725897908211;0.9966075420379639;0.08245555311441422;0;0
5247;1060;-0.04369961097836494;0.9999032616615295;0.08770439028739929;0;0
5247;1061;-0.04522543400526047;0.9995371103286743;0.09136637300252914;0;0
5247;1062;-0.0472395233809948;1.001490116119385;0.09222082793712616;0;0
5256;1063;-0.04870431870222092;1.002527713775635;0.09435698390007019;0;0
5256;1064;-0.05029117316007614;1.005030035972595;0.09746966511011124;0;0
5264;1065;-0.04839915037155151;1.005945563316345;0.1053429171442986;0;0
5272;1066;-0.05145080015063286;1.009241342544556;0.1114462167024612;0;0
5272;1067;-0.0543803833425045;1.006128668785095;0.1130941063165665;0;0
5279;1068;-0.0543193519115448;1.002954959869385;0.107906311750412;0;0
5286;1069;-0.06170434132218361;1.000025391578674;0.106746681034565;0;0
5286;1070;-0.06731937825679779;0.9937389492988586;0.1055870428681374;0;0
5291;1071;-0.07018792629241943;0.9865980744361877;0.09850722551345825;0;0
5301;1072;-0.0747653990983963;0.9793351888656616;0.08684992790222168;0;0
5302;1073;-0.08611753582954407;0.9645651578903198;0.07671844959259033;0;0
5307;1074;-0.08977951109409332;0.9602928161621094;0.07244614511728287;0;0
5314;1075;-0.09612693637609482;0.951504111289978;0.05779822915792465;0;0
5319;1076;-0.1019250750541687;0.9472317695617676;0.04363857954740524;0;0
5320;1077;-0.1069908142089844;0.9410674571990967;0.02844136767089367;0;0
5325;1078;-0.1059532463550568;0.9343538284301758;0.02294840104877949;0;0
5330;1079;-0.09966685622930527;0.9264806509017944;0.02136154286563397;0;0
5335;1080;-0.08898608386516571;0.9184242486953735;0.03564325720071793;0;0
5340;1081;-0.07507055997848511;0.9098796844482422;0.06628181785345078;0;0
5348;1082;-0.06170434132218361;0.9046918153762817;0.08672786504030228;0;0
5351;1083;-0.05010807514190674;0.9069501161575317;0.09038984030485153;0;0
5358;1084;-0.04553060233592987;0.9069501161575317;0.09191566705703735;0;0
5366;1085;-0.04296721890568733;0.9057904481887817;0.09875135868787766;0;0
5366;1086;-0.04376064613461494;0.9037763476371765;0.1071128845214844;0;0
5373;1087;-0.04131932556629181;0.8991988301277161;0.1137654706835747;0;0
5379;1088;-0.0474226251244545;0.8944993019104004;0.1129720434546471;0;0
5380;1089;-0.05340385809540749;0.8824148178100586;0.1090659350156784;0;0
5384;1090;-0.06176537275314331;0.8680109977722168;0.106929786503315;0;0
5390;1091;-0.06316912919282913;0.8553161025047302;0.09368561953306198;0;0
5399;1092;-0.07195788621902466;0.8572081923484802;0.1003382131457329;0;0
5399;1093;-0.08422550559043884;0.8626400828361511;0.1373852342367172;0;0
5407;1094;-0.08758231997489929;0.8556212782859802;0.1666810661554337;0;0
5424;1095;-0.08660579472780228;0.8732598423957825;0.1826106756925583;0;0
5424;1096;-0.0747653990983963;0.884306788444519;0.1807796806097031;0;0
5424;1097;-0.06683111190795898;0.8839406371116638;0.163568377494812;0;0
5424;1098;-0.06561044603586197;0.8857715725898743;0.1525824368000031;0;0
5440;1099;-0.06658697873353958;0.8887012600898743;0.1459908932447434;0;0
5440;1100;-0.06261983513832092;0.8904711604118347;0.1452584862709045;0;0
5440;1101;-0.05828649178147316;0.8888842463493347;0.1493476927280426;0;0
5449;1102;-0.05645550414919853;0.8805837631225586;0.1461129486560822;0;0
5449;1103;-0.06652595102787018;0.870086133480072;0.1286575198173523;0;0
5461;1104;-0.0749484971165657;0.8536072373390198;0.1077232137322426;0;0
5461;1105;-0.07958700507879257;0.8352362513542175;0.1021692007780075;0;0
5469;1106;-0.07568088918924332;0.8131423592567444;0.1132161766290665;0;0
5469;1107;-0.07055412232875824;0.7968465685844421;0.1409861743450165;0;0
5478;1108;-0.06457288563251495;0.7845789194107056;0.1690003275871277;0;0
5487;1109;-0.04217378795146942;0.7797573208808899;0.2163619101047516;0;0
5487;1110;-0.007201891392469406;0.773776113986969;0.2964982092380524;0;0
5489;1111;0.04015969857573509;0.7751798629760742;0.3826767504215241;0;0
5501;1112;0.08623959869146347;0.7912925481796265;0.4283904433250427;0;0
5501;1113;0.1142537295818329;0.8205273747444153;0.4288176894187927;0;0
5503;1114;0.1421457976102829;0.8573912978172302;0.3767565786838532;0;0
5519;1115;0.161615327000618;0.8998702168464661;0.3040663003921509;0;0
5519;1116;0.1691223829984665;0.9529688954353333;0.2233196496963501;0;0
5519;1117;0.1668031215667725;0.9864760637283325;0.1652162671089172;0;0
5546;1118;0.1553899496793747;0.9832413196563721;0.1242631450295448;0;0
5546;1119;0.1349439173936844;0.973353922367096;0.06524424999952316;0;0
5546;1120;0.1210284009575844;0.9643210768699646;0.0339953675866127;0;0
5546;1121;0.1253617405891419;0.9499783515930176;0.02819723635911942;0;0
5546;1122;0.1403148174285889;0.9328890442848206;0.03521602600812912;0;0
5555;1123;0.1527045071125031;0.9385040998458862;0.04247895255684853;0;0
5555;1124;0.1612491309642792;0.9631614685058594;0.0540752224624157;0;0
5562;1125;0.176385298371315;0.9963633418083191;0.09667623788118362;0;0
5562;1126;0.2066576629877091;1.04055118560791;0.1782162934541702;0;0
5568;1127;0.2449863851070404;1.082664012908936;0.3464842140674591;0;0
5575;1128;0.3006484508514404;1.125875353813171;0.5359305739402771;0;0
5581;1129;0.3654044270515442;1.173053860664368;0.6984614133834839;0;0
5582;1130;0.4071510136127472;1.236772179603577;0.7698699831962585;0;0
5599;1131;0.4026345610618591;1.273880362510681;0.7758512496948242;0;0
5599;1132;0.3718129098415375;1.250931978225708;0.7662690281867981;0;0
5599;1133;0.2844136655330658;1.18684732913971;0.7504615187644959;0;0
5602;1134;0.1489814966917038;1.085166335105896;0.6648322343826294;0;0
5608;1135;0.01440378278493881;0.9850722551345825;0.5074281692504883;0;0
5626;1136;-0.06451185792684555;0.8757011294364929;0.3661368191242218;0;0
5627;1137;-0.06872313469648361;0.758212685585022;0.245413601398468;0;0
5627;1138;0.002075121272355318;0.6559213995933533;0.1453195214271545;0;0
5627;1139;0.1086997389793396;0.5682780742645264;0.1060142740607262;0;0
5638;1140;0.2154464274644852;0.5142028331756592;0.1124837771058083;0;0
5638;1141;0.2887470126152039;0.4694656431674957;0.1688172221183777;0;0
5643;1142;0.3348879516124725;0.4343106746673584;0.2794089615345001;0;0
5657;1143;0.3552119135856628;0.4154514670372009;0.4195407032966614;0;0
5657;1144;0.3619255423545837;0.4286345839500427;0.5535691380500794;0;0
5657;1145;0.3585076928138733;0.4949164092540741;0.6716068983078003;0;0
5671;1146;0.3550898730754852;0.6050809621810913;0.7353253364562988;0;0
5671;1147;0.3645499646663666;0.722447395324707;0.7795132398605347;0;0
5671;1148;0.3780993223190308;0.8340156674385071;0.8168044090270996;0;0
5684;1149;0.4003153145313263;0.935879647731781;0.8300484418869019;0;0
5684;1150;0.4299163222312927;1.020715594291687;0.8051470518112183;0;0
5696;1151;0.4596393704414368;1.061058282852173;0.7604098916053772;0;0
5696;1152;0.4811229407787323;1.051476120948792;0.7105459570884705;0;0
5696;1153;0.4968084394931793;1.001795291900635;0.6807008385658264;0;0
5712;1154;0.4957709014415741;0.9424102306365967;0.6783205270767212;0;0
5712;1155;0.4916816651821137;0.9049970507621765;0.7121937870979309;0;0
5712;1156;0.4822215735912323;0.8973068594932556;0.7535741925239563;0;0
5723;1157;0.4830149710178375;0.9093914031982422;0.7901939749717712;0;0
5723;1158;0.4973577260971069;0.9242224097251892;0.8364569544792175;0;0
5734;1159;0.5322685837745667;0.9449735879898071;0.8871753811836243;0;0
5734;1160;0.5702310800552368;0.9743304252624512;0.9285557270050049;0;0
5744;1161;0.6081326007843018;1.021203756332398;0.9630393981933594;0;0
5744;1162;0.6434707045555115;1.086570143699646;0.9977670907974243;0;0
5765;1163;0.6523204445838928;1.182391881942749;0.9910535216331482;0;0
5765;1164;0.6510998010635376;1.26704466342926;0.9588891267776489;0;0
5765;1165;0.6404800415039063;1.377697467803955;0.9574853777885437;0;0
5765;1166;0.6202781200408936;1.516486406326294;0.9669455289840698;0;0
5765;1167;0.6136255860328674;1.676331877708435;0.9867811799049377;0;0
5780;1168;0.6157006621360779;1.86052942276001;1.015649795532227;0;0
5780;1169;0.6169824004173279;1.999867558479309;1.050987839698792;0;0
5780;1170;0.6081326007843018;1.999867558479309;1.060142874717712;0;0
5795;1171;0.5864048600196838;1.999867558479309;1.058616995811462;0;0
5795;1172;0.5851231217384338;1.999867558479309;1.070945739746094;0;0
5795;1173;0.5832921862602234;1.999867558479309;1.052391648292542;0;0
5805;1174;0.5594893097877502;1.999867558479309;0.9959971308708191;0;0
5805;1175;0.511700451374054;1.999867558479309;0.9156777858734131;0;0
5822;1176;0.4633013308048248;1.999867558479309;0.8537903428077698;0;0
5822;1177;0.4138035774230957;1.999867558479309;0.7841517329216003;0;0
5822;1178;0.3619866073131561;1.999867558479309;0.6958369612693787;0;0
5837;1179;0.3082165420055389;1.999867558479309;0.624306321144104;0;0
5837;1180;0.260122537612915;1.999867558479309;0.5696818232536316;0;0
5837;1181;0.217521533370018;1.999867558479309;0.5181699991226196;0;0
5851;1182;0.176446333527565;1.954092979431152;0.4323576390743256;0;0
5851;1183;0.135737344622612;1.826228857040405;0.3027235567569733;0;0
5851;1184;0.1010706126689911;1.693238019943237;0.1885918974876404;0;0
5858;1185;0.07977010309696198;1.551275134086609;0.09301426261663437;0;0
5865;1186;0.05383108928799629;1.420542597770691;0.01525824517011643;0;0
5865;1187;0.04186862334609032;1.289077520370483;0.005492968019098043;0;0
5872;1188;0.05511277914047241;1.11586594581604;0.05492968112230301;0;0
5878;1189;0.03515499457716942;0.9901990294456482;0.1035119295120239;0;0
5878;1190;0.03198127821087837;0.8744805455207825;0.1053429171442986;0;0
5885;1191;0.03900007158517838;0.7507055997848511;0.124751403927803;0;0
5893;1192;0.04485923796892166;0.6207053661346436;0.1513617783784866;0;0
5893;1193;0.04669022932648659;0.4984563589096069;0.1611880958080292;0;0
5904;1194;0.04333341494202614;0.3881697654724121;0.1567326933145523;0;0
5904;1195;0.03051649034023285;0.2768455743789673;0.1343335807323456;0;0
5910;1196;-0.005554000847041607;0.1300002336502075;0.09325838834047318;0;0
5915;1197;-0.06152124330401421;-0.04943671450018883;0.067868672311306;0;0
5918;1198;-0.09807999432086945;-0.1979909837245941;0.004760572221130133;0;0
5923;1199;-0.1176105439662933;-0.3180428445339203;0.007751188240945339;0;0
5935;1200;-0.1345166862010956;-0.3605828285217285;0.04711746051907539;0;0
5935;1201;-0.1589298844337463;-0.3351930975914002;0.1389720886945725;0;0
5937;1202;-0.1898735910654068;-0.2508455514907837;0.2098313719034195;0;0
5949;1203;-0.2272257804870606;-0.1690613478422165;0.2072069644927979;0;0
5949;1204;-0.2639676332473755;-0.08898608386516571;0.1537420749664307;0;0
5956;1205;-0.2951554954051971;0.006957759615033865;0.06536632031202316;0;0
5961;1206;-0.3176766335964203;0.09234289824962616;-0.05517381429672241;0;0
5962;1207;-0.3242681920528412;0.1677796542644501;-0.159540206193924;0;0
5968;1208;-0.2961930334568024;0.2125168442726135;-0.2222821116447449;0;0
5973;1209;-0.2299722582101822;0.2120895981788635;-0.2632962763309479;0;0
5978;1210;-0.1404979079961777;0.1741270869970322;-0.2535920441150665;0;0
5989;1211;-0.04559163749217987;0.1240800470113754;-0.2059863060712814;0;0
5989;1212;0.03777941316366196;0.08593443781137466;-0.1311598569154739;0;0
5993;1213;0.0814790278673172;0.07970906794071198;-0.05120666697621346;0;0
6005;1214;0.08453067392110825;0.08495790511369705;0.01934745348989964;0;0
6005;1215;0.05224422737956047;0.08929124474525452;0.07519263029098511;0;0
6009;1216;0.006774660665541887;0.09148843586444855;0.1142537295818329;0;0
6012;1217;-0.04980291053652763;0.08929124474525452;0.1497749239206314;0;0
6016;1218;-0.1170612499117851;0.08184522390365601;0.1738219261169434;0;0
6021;1219;-0.1891411989927292;0.07531469315290451;0.1608218997716904;0;0
6040;1220;-0.2529816925525665;0.06304706633090973;0.1144368350505829;0;0
6040;1221;-0.2994888126850128;0.05200009420514107;0.03814560920000076;0;0
6040;1222;-0.3174325227737427;0.03777941316366196;-0.01989675126969814;0;0
6068;1223;-0.3091930449008942;0.01538031082600355;-0.04815501719713211;0;0
6068;1224;-0.271840900182724;-0.006957759615033865;-0.06554941833019257;0;0
6068;1225;-0.2513948380947113;-0.01849299296736717;-0.07970906794071198;0;0
6068;1226;-0.2450474053621292;-0.02404699288308621;-0.09423492103815079;0;0
6068;1227;-0.2550568282604218;-0.0306385550647974;-0.1050987839698792;0;0
6068;1228;-0.2781272828578949;-0.03887800499796867;-0.09014570713043213;0;0
6074;1229;-0.3019911646842957;-0.03668082132935524;-0.0546245165169239;0;0
6084;1230;-0.3131602108478546;-0.02673244662582874;-0.02038501389324665;0;0
6084;1231;-0.2914324700832367;-0.009704243391752243;0.02410802617669106;0;0
6092;1232;-0.2488924860954285;0.01995778456330299;0.05370902270078659;0;0
6092;1233;-0.1722350716590881;0.06622078269720078;0.06719730794429779;0;0
6097;1234;-0.09179360419511795;0.1071128845214844;0.06420668959617615;0;0
6103;1235;-0.02654934301972389;0.1430002599954605;0.04296721890568733;0;0
6112;1236;0.02215497009456158;0.1653993725776672;0.006957759615033865;0;0
6112;1237;0.05560104176402092;0.1713195741176605;-0.02221600338816643;0;0
6115;1238;0.08221141993999481;0.1693665236234665;-0.04681229591369629;0;0
6120;1239;0.1093710958957672;0.1664979606866837;-0.05883578956127167;0;0
6126;1240;0.1340894550085068;0.1600284725427628;-0.05602827295660973;0;0
6137;1241;0.1537420749664307;0.1581974774599075;-0.03900007158517838;0;0
6137;1242;0.1705261468887329;0.1547185927629471;-0.003051649080589414;0;0
6147;1243;0.1824275702238083;0.1451974660158157;0.05303765460848808;0;0
6147;1244;0.1932304054498673;0.1383007317781448;0.09722553938627243;0;0
6153;1245;0.1984792500734329;0.1263382583856583;0.1327467262744904;0;0
6162;1246;0.1976247876882553;0.110835887491703;0.161737397313118;0;0
6162;1247;0.1907890886068344;0.1006433814764023;0.1773007959127426;0;0
6165;1248;0.1792538464069367;0.08611753582954407;0.1965261995792389;0;0
6171;1249;0.1527045071125031;0.08739922195672989;0.2101975679397583;0;0
6175;1250;0.1251175999641419;0.1094321310520172;0.2308267205953598;0;0
6185;1251;0.09722553938627243;0.1563664972782135;0.2643948793411255;0;0
6185;1252;0.05987335368990898;0.2293009012937546;0.2855733036994934;0;0
6193;1253;0.02221600338816643;0.327686071395874;0.2695826590061188;0;0
6202;1254;-6.103297710069455e-05;0.4831980764865875;0.2582915425300598;0;0
6202;1255;0.006347429472953081;0.7164661288261414;0.2302774339914322;0;0
6204;1256;0.03350710496306419;1.053856372833252;0.1909111589193344;0;0
6210;1257;0.08471377938985825;1.434030771255493;0.1533758640289307;0;0
6214;1258;0.1809017360210419;1.812374234199524;0.1978078782558441;0;0
6233;1259;0.2374793142080307;1.999867558479309;0.4645220041275024;0;0
6233;1260;0.3009536266326904;1.999867558479309;0.6626960635185242;0;0
6233;1261;0.3834091722965241;1.999867558479309;0.7518652677536011;0;0
6239;1262;0.3868269920349121;1.999867558479309;0.8747246265411377;0;0
6240;1263;0.368028849363327;1.999867558479309;1.028771877288818;0;0
6252;1264;0.3159067034721375;1.999867558479309;1.055565357208252;0;0
6252;1265;0.2378455102443695;1.999867558479309;0.7795132398605347;0;0
6262;1266;0.1501411199569702;1.999867558479309;0.4600666165351868;0;0
6262;1267;-0.02850240096449852;1.999867558479309;0.3096813261508942;0;0
6269;1268;-0.1577092260122299;1.999867558479309;0.1674134582281113;0;0
6282;1269;-0.1981740742921829;1.802731156349182;0.1152302622795105;0;0
6282;1270;-0.1711364686489105;1.460641264915466;0.1957937926054001;0;0
6282;1271;-0.1123006790876389;1.229814529418945;0.2975357472896576;0;0
6290;1272;-0.04675126075744629;1.102926850318909;0.3622917532920837;0;0
6290;1273;0.003417846746742725;1.056663870811462;0.3834091722965241;0;0
6294;1274;-0.004028176423162222;1.081809520721436;0.3924420475959778;0;0
6304;1275;-0.05987335368990898;1.157002210617065;0.3763903975486755;0;0
6304;1276;-0.1317702084779739;1.26191782951355;0.3130381405353546;0;0
6309;1277;-0.1885918974876404;1.327589273452759;0.2582915425300598;0;0
6313;1278;-0.2597563564777374;1.375072956085205;0.2366858720779419;0;0
6326;1279;-0.3144419193267822;1.390026092529297;0.2256389260292053;0;0
6326;1280;-0.338855117559433;1.403636455535889;0.2145309150218964;0;0
6329;1281;-0.3268316090106964;1.389781951904297;0.1985402852296829;0;0
6337;1282;-0.2869770526885986;1.371838212013245;0.1811458766460419;0;0
6337;1283;-0.1459298580884934;1.372387528419495;0.2363807260990143;0;0
6344;1284;-0.04321134835481644;1.40809178352356;0.2733666896820068;0;0
6348;1285;0.08776542544364929;1.475655317306519;0.2980850636959076;0;0
6352;1286;0.24126335978508;1.575505375862122;0.3184090256690979;0;0
6357;1287;0.3932965099811554;1.686341166496277;0.3404419720172882;0;0
6362;1288;0.5169493556022644;1.745237946510315;0.3528316617012024;0;0
6375;1289;0.6130762696266174;1.745054960250855;0.3522213399410248;0;0
6375;1290;0.6778322458267212;1.685974955558777;0.3525875210762024;0;0
6378;1291;0.7020013332366943;1.593571066856384;0.3463011085987091;0;0
6389;1292;0.6879027485847473;1.48346757888794;0.3351930975914002;0;0
6389;1293;0.6516491174697876;1.372997879981995;0.3397095799446106;0;0
6394;1294;0.5885410308837891;1.261185526847839;0.3452025353908539;0;0
6397;1295;0.5079774856567383;1.119710922241211;0.3486813902854919;0;0
6402;1296;0.4122777581214905;0.9651144742965698;0.3434325754642487;0;0
6407;1297;0.312366783618927;0.8128982186317444;0.3262822926044464;0;0
6413;1298;0.2178266942501068;0.6699590086936951;0.29692542552948;0;0
6430;1299;0.1155354231595993;0.5443531274795532;0.260000467300415;0;0
6431;1300;0.02184980548918247;0.4394984841346741;0.2278971374034882;0;0
6431;1301;-0.04168552160263062;0.3454466462135315;0.1981130540370941;0;0
6437;1302;-0.08221141993999481;0.2517610490322113;0.176690474152565;0;0
6437;1303;-0.1010095775127411;0.178643524646759;0.1346997916698456;0;0
6452;1304;-0.1060142740607262;0.133540153503418;0.1065025553107262;0;0
6452;1305;-0.107906311750412;0.1127279102802277;0.08660579472780228;0;0
6452;1306;-0.118770182132721;0.09777483344078064;0.07818324863910675;0;0
6463;1307;-0.1436105966567993;0.06335222721099854;0.07098135352134705;0;0
6463;1308;-0.1664979606866837;0.06664801388978958;0.0545024499297142;0;0
6475;1309;-0.1628359854221344;0.119807742536068;0.03710805252194405;0;0
6475;1310;-0.1420237421989441;0.2101365476846695;0.03820664435625076;0;0
6484;1311;-0.124873474240303;0.2698267996311188;0.1093710958957672;0;0
6484;1312;-0.1304274648427963;0.4097143709659576;0.1221880242228508;0;0
6494;1313;-0.1170612499117851;0.5687662959098816;0.1222490593791008;0;0
6494;1314;-0.08544617146253586;0.7417948246002197;0.120784267783165;0;0
6501;1315;-0.05315972864627838;0.9272129535675049;0.1141316667199135;0;0
6501;1316;-0.01623477227985859;1.094443321228027;0.1017419695854187;0;0
6507;1317;0.01476997975260019;1.256852149963379;0.08392034471035004;0;0
6511;1318;0.03124888427555561;1.418284296989441;0.0609719455242157;0;0
6516;1319;0.04363857954740524;1.549627304077148;0.04595783352851868;0;0
6521;1320;0.0610940121114254;1.627139210700989;0.05950715765357018;0;0
6527;1321;0.09093914180994034;1.668946743011475;0.09093914180994034;0;0
6536;1322;0.1086387038230896;1.664003014564514;0.1386058926582336;0;0
6536;1323;0.1331129223108292;1.588932514190674;0.1856623142957687;0;0
6545;1324;0.1534979343414307;1.457589626312256;0.232718750834465;0;0
6550;1325;0.1579533517360687;1.324415683746338;0.2792868912220001;0;0
6550;1326;0.1472115516662598;1.211077332496643;0.3186531662940979;0;0
6556;1327;0.1271927207708359;1.123434066772461;0.3392823338508606;0;0
6571;1328;0.1046105176210403;1.061241388320923;0.3508175611495972;0;0
6571;1329;0.08013629913330078;1.017297744750977;0.3513058125972748;0;0
6571;1330;0.05895785242319107;0.9835464954376221;0.3444701433181763;0;0
6577;1331;0.03643668815493584;0.9562036395072937;0.327319860458374;0;0
6586;1332;0.01733336597681046;0.936734139919281;0.2960709631443024;0;0
6586;1333;-0.004821605049073696;0.9090861678123474;0.2679958045482636;0;0
6601;1334;-0.03155405074357987;0.8804617524147034;0.2418126612901688;0;0
6601;1335;-0.06011748686432838;0.8614804148674011;0.2076952308416367;0;0
6601;1336;-0.08581236749887466;0.8641048669815064;0.1761411726474762;0;0
6608;1337;-0.1034508943557739;0.8763115406036377;0.1426340639591217;0;0
6610;1338;-0.120784267783165;0.8946824669837952;0.1192584410309792;0;0
6622;1339;-0.1351880431175232;0.9189735651016235;0.1119344830513001;0;0
6622;1340;-0.1514228135347366;0.9380158185958862;0.1112020835280418;0;0
6627;1341;-0.1711364686489105;0.9555933475494385;0.1103476285934448;0;0
6634;1342;-0.191399410367012;0.9698140025138855;0.1082114726305008;0;0
6635;1343;-0.2096482813358307;0.9748187065124512;0.094845250248909;0;0
6642;1344;-0.2116013318300247;0.9822037220001221;0.08617856353521347;0;0
6647;1345;-0.2096482813358307;0.9771379828453064;0.08227245509624481;0;0
6650;1346;-0.2136154323816299;0.9687154293060303;0.08306588232517242;0;0
6655;1347;-0.217582568526268;0.9602318406105042;0.08007527142763138;0;0
6659;1348;-0.2261882126331329;0.9562646746635437;0.07903771102428436;0;0
6668;1349;-0.2223431318998337;0.9522975087165833;0.06176537275314331;0;0
6673;1350;-0.2054980397224426;0.9471097588539124;0.05138976499438286;0;0
6678;1351;-0.1835261732339859;0.950527548789978;0.05499071255326271;0;0
6685;1352;-0.1583195477724075;0.9605370163917542;0.06390152871608734;0;0
6685;1353;-0.1320143342018127;0.9712177515029907;0.06969965994358063;0;0
6689;1354;-0.1074180454015732;0.9812882542610169;0.08202832192182541;0;0
6694;1355;-0.08349311351776123;0.9944102764129639;0.09148843586444855;0;0
6699;1356;-0.06524424999952316;1.009973764419556;0.09069500863552094;0;0
6704;1357;-0.04528646916151047;1.024316549301148;0.08581236749887466;0;0
6727;1358;-0.02325356565415859;1.036706209182739;0.07909873872995377;0;0
6727;1359;-0.007201891392469406;1.046349287033081;0.07269027829170227;0;0
6727;1360;0.004577473271638155;1.050621628761292;0.06939449906349182;0;0
6727;1361;0.01190143078565598;1.052147507667542;0.07189685106277466;0;0
6734;1362;0.0167840700596571;1.053612351417542;0.08422550559043884;0;0
6734;1363;0.01623477227985859;1.055809497833252;0.0885588526725769;0;0
6739;1364;0.01147420052438974;1.049523115158081;0.0881316214799881;0;0
6751;1365;0.002929582959040999;1.03890335559845;0.08569030463695526;0;0
6751;1366;-0.0100704412907362;1.030053496360779;0.07983113825321198;0;0
6753;1367;-0.02142257615923882;1.018274188041687;0.07635225355625153;0;0
6762;1368;-0.03747424855828285;1.000330567359924;0.06969965994358063;0;0
6766;1369;-0.05846958979964256;0.9841567873954773;0.06353533267974854;0;0
6776;1370;-0.07769497483968735;0.9748797416687012;0.05541794374585152;0;0
6776;1371;-0.09362459182739258;0.9706684947013855;0.05901888757944107;0;0
6782;1372;-0.1061363443732262;0.9645041823387146;0.06182640790939331;0;0
6788;1373;-0.1173664107918739;0.9625511169433594;0.06292500346899033;0;0
6788;1374;-0.1212725341320038;0.9641379714012146;0.06457288563251495;0;0
6795;1375;-0.1185870692133904;0.9639548659324646;0.0610940121114254;0;0
6799;1376;-0.1143757998943329;0.9653586149215698;0.05773719400167465;0;0
6803;1377;-0.1086387038230896;0.9657858610153198;0.05743202939629555;0;0
6812;1378;-0.1036950275301933;0.9690206050872803;0.05700480192899704;0;0
6813;1379;-0.09704244136810303;0.972560465335846;0.05798132717609406;0;0
6828;1380;-0.08916918188333511;0.9746356010437012;0.05883578956127167;0;0
6828;1381;-0.08471377938985825;0.9785416722297669;0.05859165638685226;0;0
6828;1382;-0.08190625905990601;0.9827530384063721;0.06011748686432838;0;0
6832;1383;-0.07732877880334854;0.9893445372581482;0.06298603117465973;0;0
6837;1384;-0.0748874619603157;0.9969127178192139;0.06359636038541794;0;0
6842;1385;-0.07653535157442093;1.004053473472595;0.06615974754095078;0;0
6848;1386;-0.08062456548213959;1.015466690063477;0.0748264342546463;0;0
6852;1387;-0.08575133234262466;1.024377465248108;0.08208935707807541;0;0
6869;1388;-0.09020674228668213;1.029870510101318;0.0814179927110672;0;0
6869;1389;-0.09331942349672318;1.033837556838989;0.08239451795816422;0;0
6869;1390;-0.09582177549600601;1.032861113548279;0.08068560063838959;0;0
6874;1391;-0.09527247399091721;1.033227324485779;0.08428654074668884;0;0
6893;1392;-0.09673726558685303;1.028771877288818;0.08379827439785004;0;0
6893;1393;-0.09374665468931198;1.024987936019898;0.08312691748142242;0;0
6893;1394;-0.09051190316677094;1.020044207572937;0.08300484716892242;0;0
6893;1395;-0.08684992790222168;1.016077041625977;0.07708464562892914;0;0
6909;1396;-0.08532410860061646;1.011682629585266;0.07952596992254257;0;0
6909;1397;-0.08202832192182541;1.005823493003845;0.0744602307677269;0;0
6909;1398;-0.08227245509624481;1.000330567359924;0.07720671594142914;0;0
6918;1399;-0.08068560063838959;0.9927014112472534;0.07256821542978287;0;0
6918;1400;-0.08105179667472839;0.990260124206543;0.07287337630987167;0;0
6923;1401;-0.07671844959259033;0.9848890900611877;0.06902829557657242;0;0
6934;1402;-0.07226304709911346;0.9809830188751221;0.06994379311800003;0;0
6934;1403;-0.06829590350389481;0.9783586859703064;0.0747653990983963;0;0
6942;1404;-0.06384049355983734;0.973231852054596;0.07867150753736496;0;0
6942;1405;-0.05547897890210152;0.9707294702529907;0.07970906794071198;0;0
6950;1406;-0.05480761453509331;0.9706074595451355;0.07629121840000153;0;0
6958;1407;-0.05486864969134331;0.9721332788467407;0.07037102431058884;0;0
6958;1408;-0.05761513113975525;0.973231852054596;0.06475599110126495;0;0
6968;1409;-0.06323016434907913;0.9762834906578064;0.05798132717609406;0;0
6968;1410;-0.07018792629241943;0.9786638617515564;0.05627240613102913;0;0
6977;1411;-0.07543676346540451;0.9803727269172669;0.05035220831632614;0;0
6977;1412;-0.07629121840000153;0.9798234701156616;0.04498130455613136;0;0
6982;1413;-0.07787808030843735;0.9796403646469116;0.04858225211501122;0;0
6991;1414;-0.07641328871250153;0.9786027669906616;0.0474226251244545;0;0
6992;1415;-0.07421610504388809;0.9818375110626221;0.04968084394931793;0;0
6995;1416;-0.07275131344795227;0.9828751087188721;0.05340385809540749;0;0
7011;1417;-0.07214098423719406;0.9855604767799377;0.05663860216736794;0;0
7011;1418;-0.07421610504388809;0.9908704161643982;0.06420668959617615;0;0
7011;1419;-0.0746433287858963;0.9954478740692139;0.06628181785345078;0;0
7015;1420;-0.07800014317035675;0.9974619150161743;0.0747043639421463;0;0
7027;1421;-0.08398137241601944;0.9999642968177795;0.0742771327495575;0;0
7027;1422;-0.09283115714788437;1.001612186431885;0.07751187682151794;0;0
7035;1423;-0.1025354042649269;1.005335211753845;0.07684051990509033;0;0
7035;1424;-0.1103476285934448;1.005335211753845;0.07964804023504257;0;0
7040;1425;-0.1201739385724068;1.004846930503845;0.07116445153951645;0;0
7045;1426;-0.1253617405891419;1.005579352378845;0.07122547924518585;0;0
7062;1427;-0.1308546960353851;1.006861090660095;0.06475599110126495;0;0
7062;1428;-0.1309767663478851;1.007166266441345;0.06664801388978958;0;0
7062;1429;-0.1260941326618195;1.006311774253845;0.06554941833019257;0;0
7074;1430;-0.1212114989757538;1.003138065338135;0.06567148864269257;0;0
7074;1431;-0.1130941063165665;1.002832770347595;0.06176537275314331;0;0
7080;1432;-0.1050987839698792;0.9975840449333191;0.06292500346899033;0;0
7088;1433;-0.09631003439426422;0.9963633418083191;0.05859165638685226;0;0
7088;1434;-0.08459170907735825;0.9979501962661743;0.05645550414919853;0;0
7089;1435;-0.07409403473138809;1.000147461891174;0.0543193519115448;0;0
7094;1436;-0.06377945840358734;1.002405643463135;0.05749306455254555;0;0
7105;1437;-0.05492968112230301;1.001978397369385;0.0540752224624157;0;0
7106;1438;-0.04467613995075226;1.003748416900635;0.05676066875457764;0;0
7111;1439;-0.04321134835481644;1.005640387535095;0.05645550414919853;0;0
7117;1440;-0.04217378795146942;1.007227182388306;0.05663860216736794;0;0
7125;1441;-0.04583576694130898;1.008081674575806;0.05248835682868958;0;0
7125;1442;-0.04961981251835823;1.007776498794556;0.05633343756198883;0;0
7132;1443;-0.05554001033306122;1.002832770347595;0.05248835682868958;0;0
7134;1444;-0.0611550435423851;1.002893924713135;0.05328179150819778;0;0
7139;1445;-0.06707524508237839;1.003443241119385;0.05187802761793137;0;0
7144;1446;-0.07256821542978287;1.001368045806885;0.05175596475601196;0;0
7158;1447;-0.07549779117107391;1.001001954078674;0.0543193519115448;0;0
7159;1448;-0.08007527142763138;1.001734256744385;0.05792029574513435;0;0
7164;1449;-0.08337104320526123;1.003199100494385;0.0610329806804657;0;0
7164;1450;-0.08349311351776123;1.001917362213135;0.06518321484327316;0;0
7192;1451;-0.08495790511369705;1.003626346588135;0.06976069509983063;0;0
7192;1452;-0.08416447043418884;1.003748416900635;0.07653535157442093;0;0
7192;1453;-0.08343207836151123;1.005762457847595;0.07800014317035675;0;0
7192;1454;-0.08446964621543884;1.003260135650635;0.07842738181352615;0;0
7192;1455;-0.08306588232517242;1.001001954078674;0.07940390706062317;0;0
7205;1456;-0.08483584225177765;1.000025391578674;0.07616915553808212;0;0
7205;1457;-0.08355414122343063;0.9986215829849243;0.07958700507879257;0;0
7205;1458;-0.08654476702213287;0.9992318749427795;0.07323957234621048;0;0
7209;1459;-0.08923020958900452;0.9983164072036743;0.07171374559402466;0;0
7216;1460;-0.08941330760717392;0.9938609600067139;0.06695318222045898;0;0
7223;1461;-0.09045086801052094;0.9927623867988586;0.06359636038541794;0;0
7223;1462;-0.09081707149744034;0.9905652403831482;0.06396255642175674;0;0
7230;1463;-0.08562926948070526;0.9906262159347534;0.06536632031202316;0;0
7235;1464;-0.08617856353521347;0.9884900450706482;0.06554941833019257;0;0
7238;1465;-0.08184522390365601;0.990748405456543;0.06310810148715973;0;0
7243;1466;-0.08074662834405899;0.9922741651535034;0.06329119950532913;0;0
7251;1467;-0.07598605751991272;0.9970347285270691;0.06719730794429779;0;0
7252;1468;-0.07256821542978287;0.9978892207145691;0.06622078269720078;0;0
7260;1469;-0.07348370552062988;0.9982553124427795;0.06969965994358063;0;0
7268;1470;-0.07555882632732391;0.9966685175895691;0.07110341638326645;0;0
7268;1471;-0.07507055997848511;0.9970347285270691;0.06609871983528137;0;0
7276;1472;-0.07647431641817093;0.9960582256317139;0.06994379311800003;0;0
7281;1473;-0.07714568078517914;0.9941051602363586;0.07110341638326645;0;0
7282;1474;-0.07696258276700974;0.9950816631317139;0.06731937825679779;0;0
7288;1475;-0.07940390706062317;0.9965464472770691;0.06493908911943436;0;0
7300;1476;-0.07586398720741272;0.9983164072036743;0.06304706633090973;0;0
7300;1477;-0.07592502236366272;0.9992318749427795;0.06451185792684555;0;0
7302;1478;-0.07378887385129929;0.9989266991615295;0.06921139359474182;0;0
7307;1479;-0.07165271043777466;0.9980112314224243;0.07134754955768585;0;0
7318;1480;-0.07128651440143585;0.9970347285270691;0.07128651440143585;0;0
7318;1481;-0.07098135352134705;0.9986215829849243;0.07250718027353287;0;0
7326;1482;-0.06945552676916122;0.9924572706222534;0.07256821542978287;0;0
7330;1483;-0.07030998915433884;0.9916027784347534;0.07220201939344406;0;0
7331;1484;-0.06957759708166122;0.9906262159347534;0.06939449906349182;0;0
7337;1485;-0.0676245391368866;0.9805558323860169;0.06323016434907913;0;0
7356;1486;-0.0676245391368866;0.9805558323860169;0.06323016434907913;0;0
7356;1487;-0.07024895399808884;0.9732929468154907;0.05560104176402092;0;0
7356;1488;-0.07012689113616943;0.9689595103263855;0.05389212071895599;0;0
7356;1489;-0.07049308717250824;0.9659079313278198;0.05059633776545525;0;0
7369;1490;-0.07220201939344406;0.9654807448387146;0.05084047093987465;0;0
7369;1491;-0.07592502236366272;0.9620627760887146;0.0543803833425045;0;0
7379;1492;-0.07684051990509033;0.9632224440574646;0.05889682099223137;0;0
7379;1493;-0.07714568078517914;0.9627341628074646;0.0681738406419754;0;0
7387;1494;-0.07879357784986496;0.9598045945167542;0.07836634665727615;0;0
7387;1495;-0.08001423627138138;0.9602928161621094;0.08996260911226273;0;0
7392;1496;-0.07726775109767914;0.9616355895996094;0.09765277057886124;0;0
7412;1497;-0.07153064757585526;0.9750018119812012;0.1102255582809448;0;0
7412;1498;-0.07079825550317764;0.9803117513656616;0.1115072518587112;0;0
7412;1499;-0.08355414122343063;0.9757952094078064;0.1203570365905762;0;0
7412;1500;-0.08074662834405899;0.9787858724594116;0.1278030574321747;0;0
7432;1501;-0.06683111190795898;0.9821426272392273;0.135554239153862;0;0
7432;1502;-0.05871372297406197;0.9804947376251221;0.1459298580884934;0;0
7432;1503;-0.05541794374585152;0.9758563041687012;0.1408030837774277;0;0
7432;1504;-0.05566207692027092;0.9660299420356751;0.1342115253210068;0;0
7441;1505;-0.05328179150819778;0.9480252861976624;0.1262162029743195;0;0
7442;1506;-0.04937567934393883;0.9283726215362549;0.1155964583158493;0;0
7457;1507;-0.04363857954740524;0.9057904481887817;0.1061363443732262;0;0
7457;1508;-0.040953129529953;0.884734034538269;0.09905652701854706;0;0
7458;1509;-0.04180758818984032;0.8728936314582825;0.09344148635864258;0;0
7472;1510;-0.04412684217095375;0.8666683435440064;0.09081707149744034;0;0
7472;1511;-0.04308928176760674;0.8575133681297302;0.09008467197418213;0;0
7472;1512;-0.03338503837585449;0.8514710664749146;0.09161049872636795;0;0
7486;1513;-0.01806576177477837;0.840546190738678;0.1074180454015732;0;0
7486;1514;0.001830989262089133;0.8288278579711914;0.1245683059096336;0;0
7486;1515;0.01977468468248844;0.8161330223083496;0.1553289294242859;0;0
7498;1516;0.02819723635911942;0.8150954246520996;0.1824275702238083;0;0
7498;1517;0.03539912775158882;0.825715184211731;0.2072679847478867;0;0
7513;1518;0.04571370035409927;0.8447574377059937;0.2242961823940277;0;0
7514;1519;0.05889682099223137;0.8711236715316773;0.2219159156084061;0;0
7514;1520;0.06670904904603958;0.8986495137214661;0.2214886695146561;0;0
7526;1521;0.06713628023862839;0.9278233647346497;0.2160567492246628;0;0
7526;1522;0.06927242875099182;0.9612693786621094;0.219413548707962;0;0
7526;1523;0.06988275796175003;0.9931285977363586;0.2199018150568008;0;0
7535;1524;0.07110341638326645;1.021631002426148;0.2225872576236725;0;0
7536;1525;0.07189685106277466;1.049828290939331;0.2211224734783173;0;0
7544;1526;0.07098135352134705;1.064537167549133;0.2214276492595673;0;0
7544;1527;0.06677007675170898;1.071434020996094;0.2240520566701889;0;0
7552;1528;0.05303765460848808;1.064598321914673;0.2265544086694717;0;0
7562;1529;0.04009866714477539;1.056480765342712;0.2249065190553665;0;0
7562;1530;0.02593901380896568;1.04189395904541;0.2209393829107285;0;0
7570;1531;0.0134882889688015;1.021936178207398;0.2165450155735016;0;0
7570;1532;0.004699539393186569;0.9956310391426086;0.2123947441577911;0;0
7577;1533;-0.002502352232113481;0.9670675396919251;0.2164229452610016;0;0
7583;1534;-0.0007323957397602499;0.9341707825660706;0.2253337502479553;0;0
7585;1535;0.007507056463509798;0.9040204882621765;0.2238689661026001;0;0
7596;1536;0.02178877405822277;0.8753350377082825;0.2189252823591232;0;0
7596;1537;0.03491086140275002;0.8459171056747437;0.2166670858860016;0;0
7599;1538;0.04675126075744629;0.8226635456085205;0.2247234284877777;0;0
7609;1539;0.05639447271823883;0.7987996339797974;0.2316201627254486;0;0
7609;1540;0.06677007675170898;0.7781094312667847;0.2546295821666718;0;0
7616;1541;0.07055412232875824;0.7657807469367981;0.2734887599945068;0;0
7621;1542;0.06823486834764481;0.7603488564491272;0.2794700264930725;0;0
7624;1543;0.06432875990867615;0.7637667059898377;0.2867329120635986;0;0
7628;1544;0.06713628023862839;0.7695648074150085;0.3048597276210785;0;0
7634;1545;0.07696258276700974;0.7753019332885742;0.3154794573783875;0;0
7638;1546;0.094845250248909;0.7809780240058899;0.322986513376236;0;0
7653;1547;0.1061363443732262;0.8102127909660339;0.3193245530128479;0;0
7653;1548;0.1076621785759926;0.839020311832428;0.3163949549198151;0;0
7660;1549;0.1140096038579941;0.8619077205657959;0.3243902623653412;0;0
7661;1550;0.1226762905716896;0.8778983950614929;0.342395007610321;0;0
7666;1551;0.1366528421640396;0.8919359445571899;0.3596062958240509;0;0
7671;1552;0.1474556773900986;0.8952927589416504;0.3510006666183472;0;0
7673;1553;0.1442209333181381;0.8968185782432556;0.3400147259235382;0;0
7678;1554;0.1457467526197434;0.9023725986480713;0.3326907753944397;0;0
7691;1555;0.1537420749664307;0.9130533337593079;0.3221930861473084;0;0
7691;1556;0.163446307182312;0.9294102191925049;0.3210944831371307;0;0
7693;1557;0.1592960804700851;0.9467434883117676;0.3134653866291046;0;0
7701;1558;0.1646059453487396;0.9565698504447937;0.3363527357578278;0;0
7707;1559;0.1804745048284531;0.9600487351417542;0.3910993337631226;0;0
7707;1560;0.2010426223278046;0.9577905535697937;0.4526205658912659;0;0
7712;1561;0.2203900814056397;0.9626731872558594;0.4906441271305084;0;0
7717;1562;0.2374793142080307;0.9676778316497803;0.486493855714798;0;0
7722;1563;0.2488314360380173;0.9789079427719116;0.4559773802757263;0;0
7729;1564;0.2659206688404083;0.9808609485626221;0.435348242521286;0;0
7737;1565;0.2703150510787964;0.9804947376251221;0.4249115884304047;0;0
7737;1566;0.2545075118541718;0.9806778430938721;0.3879866302013397;0;0
7742;1567;0.2390661686658859;0.9874525666236877;0.3392212986946106;0;0
7757;1568;0.230765700340271;1.001123905181885;0.3002212345600128;0;0
7757;1569;0.2249065190553665;1.012598156929016;0.2805075645446777;0;0
7757;1570;0.2224041670560837;1.027856349945068;0.2907000780105591;0;0
7765;1571;0.2147140204906464;1.04470157623291;0.3139536380767822;0;0
7770;1572;0.2093431055545807;1.062523126602173;0.3139536380767822;0;0
7773;1573;0.2075731605291367;1.076621770858765;0.3253057599067688;0;0
7776;1574;0.2083055526018143;1.088889360427856;0.3602776825428009;0;0
7785;1575;0.2039722055196762;1.107321262359619;0.4249726235866547;0;0
7787;1576;0.1935355663299561;1.128072500228882;0.4997380375862122;0;0
7792;1577;0.1821834444999695;1.158833146095276;0.5548508167266846;0;0
7801;1578;0.1680848151445389;1.194293260574341;0.5841466188430786;0;0
7801;1579;0.1647280007600784;1.228593945503235;0.6147241592407227;0;0
7808;1580;0.174615353345871;1.26612913608551;0.6625129580497742;0;0
7813;1581;0.2006153911352158;1.312697291374207;0.7193956971168518;0;0
7816;1582;0.2593291401863098;1.366162180900574;0.7693817019462585;0;0
7821;1583;0.3464231789112091;1.414683341979981;0.8142409920692444;0;0
7826;1584;0.4570149183273315;1.430490970611572;0.8387151956558228;0;0
7836;1585;0.5679118633270264;1.386669278144836;0.7989216446876526;0;0
7836;1586;0.6450575590133667;1.277542233467102;0.7198839783668518;0;0
7841;1587;0.6945552825927734;1.099509119987488;0.6319354176521301;0;0
7854;1588;0.7177478075027466;0.9118937253952026;0.5445362329483032;0;0
7854;1589;0.7140858173370361;0.7263534665107727;0.4150853157043457;0;0
7863;1590;0.691320538520813;0.5396535992622376;0.255972295999527;0;0
7863;1591;0.6602547764778137;0.3690053820610046;0.1712585389614105;0;0
7867;1592;0.6340715885162354;0.2396765053272247;0.1802303791046143;0;0
7871;1593;0.6115504503250122;0.1821224093437195;0.2384558469057083;0;0
7875;1594;0.5818274021148682;0.2095262110233307;0.3262822926044464;0;0
7888;1595;0.5400198101997376;0.2844136655330658;0.3807237148284912;0;0
7888;1596;0.5226864218711853;0.3716298043727875;0.4405970871448517;0;0
7898;1597;0.5261042714118958;0.4741041362285614;0.4529867768287659;0;0
7898;1598;0.5292779803276062;0.6122828125953674;0.4745924174785614;0;0
7903;1599;0.5464282631874085;0.7834193110466003;0.6143579483032227;0;0
7916;1600;0.5684611797332764;1.015527725219727;0.8658138513565064;0;0
7916;1601;0.572733461856842;1.328748941421509;1.124532580375671;0;0
7916;1602;0.5330620408058167;1.749510288238525;1.227312088012695;0;0
7920;1603;0.4319913983345032;1.999867558479309;1.161762714385986;0;0
7924;1604;0.312610924243927;1.999867558479309;1.098837733268738;0;0
7930;1605;0.2371741384267807;1.999867558479309;1.043969035148621;0;0
7939;1606;0.2313149869441986;1.999867558479309;0.973170816898346;0;0
7939;1607;0.3029676973819733;1.999867558479309;0.9930065870285034;0;0
7945;1608;0.3216437995433807;1.999867558479309;0.9968516230583191;0;0
7960;1609;0.2585356831550598;1.999867558479309;0.9450957179069519;0;0
7960;1610;0.1747984439134598;1.999867558479309;0.8807058930397034;0;0
7960;1611;0.1140096038579941;1.999867558479309;0.8290719389915466;0;0
7967;1612;0.08898608386516571;1.999867558479309;0.7716399431228638;0;0
7970;1613;0.09795793145895004;1.762571334838867;0.7161609530448914;0;0
8001;1614;0.1222490593791008;1.611026525497437;0.6408462524414063;0;0
8001;1615;0.159418135881424;1.509528636932373;0.5358085036277771;0;0
8001;1616;0.202446386218071;1.429148197174072;0.4031838476657867;0;0
8001;1617;0.2394323647022247;1.355908632278442;0.2693385183811188;0;0
8001;1618;0.2579253613948822;1.303176164627075;0.1298171430826187;0;0
8001;1619;0.2610380351543427;1.256241798400879;0.01788266189396381;0;0
8028;1620;0.256460577249527;1.203387260437012;-0.03002822585403919;0;0
8028;1621;0.2393103092908859;1.11110532283783;-0.02337563037872315;0;0
8028;1622;0.2092210352420807;1.054955005645752;-0.02984512783586979;0;0
8028;1623;0.1710754483938217;0.9813492298126221;-0.0001830989349400625;0;0
8029;1624;0.1526434719562531;0.8817434310913086;-0.007873253896832466;0;0
8034;1625;0.1567937284708023;0.7270248532295227;-0.03497189655900002;0;0
8034;1626;0.1493476927280426;0.5398367047309876;-0.05181699618697166;0;0
8054;1627;0.1220049262046814;0.3808457851409912;-0.06561044603586197;0;0
8054;1628;0.06316912919282913;0.2725732922554016;-0.08520203828811646;0;0
8054;1629;0.003723011817783117;0.1440378278493881;-0.05767616257071495;0;0
8054;1630;-0.05889682099223137;0.04217378795146942;0.01812679506838322;0;0
8066;1631;-0.1281692534685135;0.0007323957397602499;0.1122396439313889;0;0
8066;1632;-0.1849299222230911;0.0014647914795205;0.1838923692703247;0;0
8083;1633;-0.2240520566701889;0.02069017849862576;0.2286295294761658;0;0
8083;1634;-0.2392492890357971;0.01922538690268993;0.2695216238498688;0;0
8083;1635;-0.2276530116796494;0.0003051648673135787;0.3033339083194733;0;0
8083;1636;-0.1960379332304001;-0.0132441557943821;0.3362306654453278;0;0
8094;1637;-0.1430612951517105;0.001830989262089133;0.3452025353908539;0;0
8094;1638;-0.08721612393856049;0.01849299296736717;0.3206672668457031;0;0
8100;1639;-0.05102356895804405;0.02917376160621643;0.2529816925525665;0;0
8109;1640;-0.04205172136425972;0.02557281777262688;0.1429392248392105;0;0
8109;1641;-0.03576532378792763;0.004394374322146177;0.009643210098147392;0;0
8121;1642;-0.02752587385475636;-0.0271596759557724;-0.1311598569154739;0;0
8121;1643;-0.01769956387579441;-0.06225363910198212;-0.2372962087392807;0;0
8127;1644;-0.01415965054184198;-0.1138265058398247;-0.2918597161769867;0;0
8134;1645;-0.0201408825814724;-0.1663758903741837;-0.2889911532402039;0;0
8134;1646;-0.03729115054011345;-0.2042773813009262;-0.2493807524442673;0;0
8143;1647;-0.05920198559761047;-0.2246013581752777;-0.1794979870319367;0;0
8143;1648;-0.08178418874740601;-0.2289957255125046;-0.1129110082983971;0;0
8150;1649;-0.1086387038230896;-0.2242961823940277;-0.05907991901040077;0;0
8155;1650;-0.1388500183820725;-0.2073900550603867;-0.0303333904594183;0;0
8157;1651;-0.1730895340442658;-0.1755918711423874;-0.005920198746025562;0;0
8162;1652;-0.2040332555770874;-0.1384838223457336;0.01757749728858471;0;0
8167;1653;-0.2368689924478531;-0.09850722551345825;0.04907051473855972;0;0
8176;1654;-0.2654324173927307;-0.05322076007723808;0.07800014317035675;0;0
8180;1655;-0.2903949320316315;-0.008422550745308399;0.08739922195672989;0;0
8190;1656;-0.3094982206821442;0.03301884233951569;0.07586398720741272;0;0
8190;1657;-0.3290287852287293;0.06640388071537018;0.06585458666086197;0;0
8205;1658;-0.3412353694438934;0.08868091553449631;0.05694376677274704;0;0
8205;1659;-0.3412353694438934;0.107784241437912;0.05517381429672241;0;0
8205;1660;-0.3267705738544464;0.1295730024576187;0.08196728676557541;0;0
8213;1661;-0.2734887599945068;0.1534368991851807;0.1314650475978851;0;0
8213;1662;-0.2032398134469986;0.1682068854570389;0.1857843846082687;0;0
8216;1663;-0.1326857060194016;0.1678406894207001;0.2125168442726135;0;0
8233;1664;-0.07397197186946869;0.1621035933494568;0.2062304317951202;0;0
8233;1665;-0.03503292798995972;0.1420847624540329;0.1707092374563217;0;0
8233;1666;-0.007568089291453362;0.1081504449248314;0.1036339923739433;0;0
8242;1667;0.008361518383026123;0.06622078269720078;0.003784044645726681;0;0
8242;1668;0.02282633446156979;0.02581694908440113;-0.08196728676557541;0;0
8248;1669;0.0476057231426239;-0.01702820137143135;-0.1199908405542374;0;0
8259;1670;0.07909873872995377;-0.0610329806804657;-0.1364697366952896;0;0
8259;1671;0.1043053567409515;-0.08300484716892242;-0.1397044807672501;0;0
8264;1672;0.1204790994524956;-0.09820206463336945;-0.1436105966567993;0;0
8266;1673;0.1233476474881172;-0.09392975270748138;-0.150568351149559;0;0
8290;1674;0.1213335618376732;-0.07671844959259033;-0.1627749502658844;0;0
8290;1675;0.1200518757104874;-0.04546957090497017;-0.1625918596982956;0;0
8290;1676;0.1267654895782471;-0.001403758418746293;-0.1541692912578583;0;0
8290;1677;0.1423289030790329;0.03838974237442017;-0.1317702084779739;0;0
8290;1678;0.1555120199918747;0.07989216595888138;-0.1035729572176933;0;0
8311;1679;0.161615327000618;0.1132161766290665;-0.07879357784986496;0;0
8311;1680;0.1629580557346344;0.1432444006204605;-0.05657757073640823;0;0
8311;1681;0.1557561606168747;0.1622256487607956;-0.03771838173270226;0;0
8311;1682;0.1496528685092926;0.1770566701889038;-0.005981231573969126;0;0
8319;1683;0.1449533253908157;0.1957327574491501;0.02447422407567501;0;0
8320;1684;0.1359814703464508;0.2205731868743897;0.0681128054857254;0;0
8337;1685;0.1212114989757538;0.2465121895074844;0.1185260340571404;0;0
8338;1686;0.1082725077867508;0.2733056843280792;0.1686341166496277;0;0
8338;1687;0.08746025711297989;0.3032118380069733;0.2166670858860016;0;0
8350;1688;0.06335222721099854;0.3602166175842285;0.286366730928421;0;0
8350;1689;0.02923479489982128;0.4611651599407196;0.3552729785442352;0;0
8350;1690;-0.01769956387579441;0.6066678166389465;0.3743152320384979;0;0
8363;1691;-0.0613381452858448;0.773959219455719;0.2778221070766449;0;0
8363;1692;-0.07928183674812317;0.9591332077980042;0.2587187886238098;0;0
8376;1693;-0.05895785242319107;1.210711121559143;0.3884138762950897;0;0
8376;1694;-0.004150242544710636;1.545110821723938;0.6257711052894592;0;0
8376;1695;0.08489687740802765;1.907036423683167;0.7986775040626526;0;0
8392;1696;0.1412303000688553;1.999867558479309;0.7233018279075623;0;0
8392;1697;0.1670472621917725;1.999867558479309;0.6437148451805115;0;0
8392;1698;0.2426060885190964;1.999867558479309;0.5867100358009338;0;0
8403;1699;0.2908831834793091;1.999867558479309;0.6656256914138794;0;0
8403;1700;0.3312869966030121;1.999867558479309;0.823884129524231;0;0
8414;1701;0.4550008475780487;1.999867558479309;0.9330721497535706;0;0
8414;1702;0.4550008475780487;1.999867558479309;0.9330721497535706;0;0
8414;1703;0.4125218987464905;1.999867558479309;0.6335223317146301;0;0
8423;1704;0.2688502669334412;1.999867558479309;0.2529816925525665;0;0
8431;1705;0.04992497712373734;1.999867558479309;0.02844136767089367;0;0
8431;1706;-0.09862929582595825;1.999867558479309;0.02746484056115151;0;0
8436;1707;-0.1503242254257202;1.733641743659973;0.2227703779935837;0;0
8443;1708;-0.1017419695854187;1.552007675170898;0.5063295960426331;0;0
8447;1709;-0.00244131893850863;1.468392491340637;0.7901939749717712;0;0
8449;1710;0.08898608386516571;1.450875997543335;0.9311190843582153;0;0
8454;1711;0.09740863740444183;1.443307876586914;0.8180860877037048;0;0
8459;1712;0.01336622331291437;1.477730393409729;0.5751137137413025;0;0
8476;1713;-0.05328179150819778;1.469857215881348;0.3514278829097748;0;0
8476;1714;-0.06683111190795898;1.467843174934387;0.1627139151096344;0;0
8476;1715;-0.03985453397035599;1.458871245384216;0.05102356895804405;0;0
8480;1716;0.006408462766557932;1.436899423599243;0.007934287190437317;0;0
8491;1717;0.05010807514190674;1.432932257652283;-0.005492968019098043;0;0
8491;1718;0.08019733428955078;1.445383071899414;0.01892022229731083;0;0
8502;1719;0.09295322746038437;1.464303255081177;0.0609719455242157;0;0
8502;1720;0.1001551151275635;1.512885451316834;0.1123006790876389;0;0
8508;1721;0.1246903762221336;1.569463014602661;0.1545355021953583;0;0
8508;1722;0.1670472621917725;1.600467801094055;0.1707702726125717;0;0
8513;1723;0.2163619101047516;1.589542865753174;0.1885918974876404;0;0
8522;1724;0.2611601054668427;1.552923083305359;0.202446386218071;0;0
8530;1725;0.2930803596973419;1.507636666297913;0.2258220165967941;0;0
8530;1726;0.3091320395469666;1.456979274749756;0.2628690302371979;0;0
8533;1727;0.2980240285396576;1.380688071250916;0.3052259385585785;0;0
8540;1728;0.2595732510089874;1.297744154930115;0.3437987565994263;0;0
8543;1729;0.2093431055545807;1.209978818893433;0.3224372267723084;0;0
8547;1730;0.1496528685092926;1.126546740531921;0.2885639369487763;0;0
8552;1731;0.09173256903886795;1.046837568283081;0.2623807787895203;0;0
8557;1732;0.05511277914047241;0.9667013287544251;0.2141036987304688;0;0
8569;1733;0.02117844484746456;0.8866870999336243;0.1810238063335419;0;0
8569;1734;-0.02075121179223061;0.8207714557647705;0.1928031742572784;0;0
8572;1735;-0.0613381452858448;0.7532079815864563;0.2338783591985703;0;0
8579;1736;-0.09777483344078064;0.6930294632911682;0.256765753030777;0;0
8587;1737;-0.1382396966218948;0.6449965238571167;0.2730615437030792;0;0
8587;1738;-0.1725402325391769;0.6240622401237488;0.2724512219429016;0;0
8593;1739;-0.1865167766809464;0.6141138076782227;0.24114128947258;0;0
8599;1740;-0.1858454197645187;0.5993438363075256;0.2078173011541367;0;0
8602;1741;-0.1799862533807755;0.609719455242157;0.1711364686489105;0;0
8607;1742;-0.1628970205783844;0.6172875761985779;0.1366528421640396;0;0
8618;1743;-0.1329298317432404;0.6153954863548279;0.1133992746472359;0;0
8618;1744;-0.09960582107305527;0.6149682998657227;0.1019861027598381;0;0
8622;1745;-0.06567148864269257;0.608681857585907;0.1071128845214844;0;0
8632;1746;-0.03527706116437912;0.6003813743591309;0.110957957804203;0;0
8639;1747;-0.01751646399497986;0.5973907709121704;0.1086387038230896;0;0
8639;1748;-0.003112681908532977;0.59446120262146;0.09209876507520676;0;0
8648;1749;0.004394374322146177;0.5936678051948547;0.07311750948429108;0;0
8648;1750;0.009582177735865116;0.5976959466934204;0.04510337114334106;0;0
8652;1751;0.01556340977549553;0.5994048714637756;0.01342725567519665;0;0
8656;1752;0.02471835725009441;0.5877475738525391;-0.01440378278493881;0;0
8666;1753;0.03002822585403919;0.5933015942573547;-0.03851180896162987;0;0
8667;1754;0.04205172136425972;0.6109400987625122;-0.05370902270078659;0;0
8678;1755;0.05730996653437614;0.6294941306114197;-0.06731937825679779;0;0
8678;1756;0.07586398720741272;0.6462171673774719;-0.06249776855111122;0;0
8682;1757;0.09399078786373138;0.6722782254219055;-0.02807516977190971;0;0
8695;1758;0.1065635830163956;0.70676189661026;0.0003051648673135787;0;0
8695;1759;0.1083945706486702;0.7406352162361145;0.02111741155385971;0;0
8698;1760;0.106929786503315;0.7759122848510742;0.02331459708511829;0;0
8701;1761;0.110957957804203;0.8109451532363892;0.01776059530675411;0;0
8716;1762;0.1079673394560814;0.8454288244247437;0.02703761123120785;0;0
8716;1763;0.1060753092169762;0.8868091702461243;0.05108460038900375;0;0
8716;1764;0.1044274196028709;0.9282505512237549;0.09344148635864258;0;0
8730;1765;0.1113851889967918;0.9657858610153198;0.1246293410658836;0;0
8730;1766;0.123774878680706;1.001001954078674;0.1440378278493881;0;0
8730;1767;0.1271316856145859;1.037865877151489;0.1448312550783157;0;0
8737;1768;0.1190753430128098;1.067833065986633;0.1305495351552963;0;0
8741;1769;0.1055870428681374;1.091025471687317;0.1058922111988068;0;0
8746;1770;0.08904711157083511;1.11214292049408;0.07989216595888138;0;0
8750;1771;0.07391093671321869;1.122152328491211;0.05883578956127167;0;0
8755;1772;0.06237570196390152;1.126302599906921;0.03900007158517838;0;0
8760;1773;0.05383108928799629;1.123006820678711;0.02203290536999703;0;0
8764;1774;0.04870431870222092;1.117269635200501;0.01953055150806904;0;0
8770;1775;0.0410141609609127;1.11708664894104;0.03503292798995972;0;0
8782;1776;0.03192024677991867;1.11556077003479;0.05547897890210152;0;0
8782;1777;0.01556340977549553;1.124044418334961;0.0816010907292366;0;0
8787;1778;-0.004455407150089741;1.138875365257263;0.1031457260251045;0;0
8796;1779;-0.02740380726754665;1.158222794532776;0.1176105439662933;0;0
8796;1780;-0.04961981251835823;1.179218173027039;0.1265823990106583;0;0
8804;1781;-0.07507055997848511;1.197711110115051;0.1386669278144836;0;0
8804;1782;-0.09911755472421646;1.213274598121643;0.1446481645107269;0;0
8812;1783;-0.1202960014343262;1.219011664390564;0.1433664560317993;0;0
8818;1784;-0.1367138773202896;1.217607975006104;0.1373241990804672;0;0
8823;1785;-0.1401317119598389;1.213457584381104;0.1309157311916351;0;0
8829;1786;-0.1383617669343948;1.209490537643433;0.1281692534685135;0;0
8829;1787;-0.1345166862010956;1.206194758415222;0.1274368613958359;0;0
8834;1788;-0.124812439084053;1.196429491043091;0.1124227419495583;0;0
8839;1789;-0.1170002147555351;1.182697057723999;0.1031457260251045;0;0
8844;1790;-0.1055870428681374;1.168720483779907;0.0949673131108284;0;0
8849;1791;-0.09264805912971497;1.148701667785645;0.08623959869146347;0;0
8860;1792;-0.08538513630628586;1.130696892738342;0.09191566705703735;0;0
8860;1793;-0.07281234115362167;1.11116635799408;0.09002363681793213;0;0
8870;1794;-0.06384049355983734;1.080711007118225;0.0816010907292366;0;0
8870;1795;-0.0612771101295948;1.043602824211121;0.06310810148715973;0;0
8879;1796;-0.06261983513832092;1.002283573150635;0.03826767578721046;0;0
8879;1797;-0.06872313469648361;0.9610862731933594;0.0132441557943821;0;0
8884;1798;-0.0749484971165657;0.9237951040267944;-0.01049767155200243;0;0
8889;1799;-0.0811128243803978;0.8861377835273743;-0.02215497009456158;0;0
8894;1800;-0.08434757590293884;0.854522705078125;-0.02923479489982128;0;0
8899;1801;-0.08172315359115601;0.8285226821899414;-0.04138035699725151;0;0
8912;1802;-0.08343207836151123;0.8057574033737183;-0.04974187910556793;0;0
8912;1803;-0.08630063384771347;0.788973331451416;-0.05578414350748062;0;0
8917;1804;-0.0881926491856575;0.7779873609542847;-0.06194847449660301;0;0
8921;1805;-0.08959641307592392;0.7784756422042847;-0.06359636038541794;0;0
8932;1806;-0.0878874883055687;0.789217472076416;-0.05779822915792465;0;0
8932;1807;-0.08092972636222839;0.8074663281440735;-0.05352592468261719;0;0
8935;1808;-0.07403299957513809;0.8387151956558228;-0.04705642536282539;0;0
8939;1809;-0.06402359157800674;0.8783255815505981;-0.03448363393545151;0;0
8943;1810;-0.05254939198493958;0.9186073541641235;-0.02178877405822277;0;0
8947;1811;-0.04369961097836494;0.9557153582572937;-0.009826309978961945;0;0
8972;1812;-0.03350710496306419;0.9983164072036743;0.00848358403891325;0;0
8972;1813;-0.02673244662582874;1.032067656517029;0.02862446568906307;0;0
8972;1814;-0.01446481514722109;1.058983206748962;0.04229585453867912;0;0
8972;1815;-0.01849299296736717;1.086387038230896;0.04955877736210823;0;0
8972;1816;-0.01928642019629479;1.100546717643738;0.05120666697621346;0;0
8983;1817;-0.01940848678350449;1.108114838600159;0.05200009420514107;0;0
8983;1818;-0.02154464088380337;1.11360776424408;0.05193906277418137;0;0
8997;1819;-0.02410802617669106;1.11702561378479;0.04943671450018883;0;0
8997;1820;-0.02892963029444218;1.11647629737854;0.04986394196748734;0;0
8997;1821;-0.03558222576975822;1.11348569393158;0.05352592468261719;0;0
9004;1822;-0.03784044459462166;1.11379086971283;0.05370902270078659;0;0
9016;1823;-0.04363857954740524;1.11159360408783;0.05377005785703659;0;0
9016;1824;-0.04412684217095375;1.103964447975159;0.04827708378434181;0;0
9025;1825;-0.04418787732720375;1.095847129821777;0.05273249000310898;0;0
9025;1826;-0.04632402956485748;1.089804887771606;0.05865268781781197;0;0
9033;1827;-0.04949774593114853;1.079856514930725;0.05499071255326271;0;0
9033;1828;-0.05273249000310898;1.068077087402344;0.05200009420514107;0;0
9045;1829;-0.05749306455254555;1.055931568145752;0.04833811894059181;0;0
9045;1830;-0.06261983513832092;1.04097843170166;0.03930523991584778;0;0
9050;1831;-0.06524424999952316;1.027368068695068;0.03289677575230598;0;0
9063;1832;-0.06670904904603958;1.016992568969727;0.02471835725009441;0;0
9063;1833;-0.06573252379894257;1.007959604263306;0.02130050957202911;0;0
9063;1834;-0.06213157251477242;0.9963633418083191;0.01458688080310822;0;0
9070;1835;-0.0609719455242157;0.988917350769043;0.0134882889688015;0;0
9079;1836;-0.06158227473497391;0.9796403646469116;0.01245072763413191;0;0
9079;1837;-0.05767616257071495;0.9723163843154907;0.01031457353383303;0;0
9085;1838;-0.05279352143406868;0.9656637310981751;0.01586857438087463;0;0
9086;1839;-0.04797191917896271;0.9586449265480042;0.0235587302595377;0;0
9092;1840;-0.04229585453867912;0.9540675282478333;0.02770897187292576;0;0
9106;1841;-0.03753527998924255;0.9496121406555176;0.03204231336712837;0;0
9106;1842;-0.03130991756916046;0.9442412257194519;0.03442259877920151;0;0
9106;1843;-0.02471835725009441;0.9394195675849915;0.03051649034023285;0;0
9113;1844;-0.01904228888452053;0.9407622814178467;0.02838033437728882;0;0
9125;1845;-0.011718331836164;0.9486965537071228;0.02490145526826382;0;0
9125;1846;-0.008788748644292355;0.9568140506744385;0.02947892621159554;0;0
9125;1847;-0.00488263787701726;0.9675558209419251;0.03179818019270897;0;0
9138;1848;-0.002380286110565066;0.9781144857406616;0.03460569679737091;0;0
9138;1849;-0.00244131893850863;0.9879408478736877;0.03948833793401718;0;0
9143;1850;-0.004150242544710636;0.9999642968177795;0.0410141609609127;0;0
9156;1851;-0.002685451181605458;1.011621594429016;0.04125829413533211;0;0
9156;1852;-0.001342725590802729;1.023217797279358;0.04528646916151047;0;0
9156;1853;0.003173714736476541;1.034508943557739;0.04839915037155151;0;0
9164;1854;0.005676066968590021;1.0399409532547;0.05206112936139107;0;0
9169;1855;0.01031457353383303;1.045800089836121;0.05657757073640823;0;0
9176;1856;0.01373242028057575;1.047875165939331;0.06036161631345749;0;0
9176;1857;0.01647890545427799;1.050072431564331;0.06750247627496719;0;0
9180;1858;0.01641787216067314;1.046837568283081;0.07085928320884705;0;0
9185;1859;0.01507514622062445;1.04299259185791;0.07153064757585526;0;0
9190;1860;0.009704243391752243;1.04067325592041;0.0748264342546463;0;0
9200;1861;0.001342725590802729;1.0367671251297;0.06829590350389481;0;0
9200;1862;-0.00726292422041297;1.031640410423279;0.06597664952278137;0;0
9205;1863;-0.02062914706766605;1.024499535560608;0.06481701880693436;0;0
9210;1864;-0.03112681955099106;1.015832901000977;0.06042265146970749;0;0
9223;1865;-0.03838974237442017;1.007166266441345;0.05102356895804405;0;0
9223;1866;-0.05077943578362465;0.9978281259536743;0.0472395233809948;0;0
9231;1867;-0.06048368290066719;0.9933117628097534;0.04467613995075226;0;0
9231;1868;-0.0677466094493866;0.987025260925293;0.03729115054011345;0;0
9235;1869;-0.07403299957513809;0.9860487580299377;0.0336902029812336;0;0
9239;1870;-0.07738981395959854;0.9848890900611877;0.03472776338458061;0;0
9253;1871;-0.07867150753736496;0.9847670793533325;0.03533809259533882;0;0
9253;1872;-0.0750095322728157;0.9853163957595825;0.03503292798995972;0;0
9254;1873;-0.07214098423719406;0.988001823425293;0.03991556912660599;0;0
9259;1874;-0.06866209954023361;0.989405632019043;0.04498130455613136;0;0
9265;1875;-0.06359636038541794;0.9903210997581482;0.04821605235338211;0;0
9278;1876;-0.06066678091883659;0.9918469190597534;0.04888741672039032;0;0
9278;1877;-0.05523484572768211;0.988062858581543;0.04919258132576942;0;0
9279;1878;-0.0546245165169239;0.988001823425293;0.04827708378434181;0;0
9291;1879;-0.05334282666444778;0.9864760637283325;0.04022073373198509;0;0
9291;1880;-0.05236629396677017;0.9839736819267273;0.03790147975087166;0;0
9298;1881;-0.0541972853243351;0.9808609485626221;0.03826767578721046;0;0
9298;1882;-0.05511277914047241;0.9817154407501221;0.03826767578721046;0;0
9309;1883;-0.0542583204805851;0.9812272191047669;0.03509396314620972;0;0
9309;1884;-0.04998600855469704;0.9835464954376221;0.03356814011931419;0;0
9320;1885;-0.04638506472110748;0.987513542175293;0.03692495077848434;0;0
9320;1886;-0.04614093154668808;0.9938609600067139;0.03747424855828285;0;0
9329;1887;-0.04180758818984032;1.000086307525635;0.04003763571381569;0;0
9329;1888;-0.04144139215350151;1.006372809410095;0.03887800499796867;0;0
9335;1889;-0.03887800499796867;1.011011242866516;0.04449304193258286;0;0
9338;1890;-0.0404648631811142;1.015222549438477;0.04638506472110748;0;0
9354;1891;-0.04022073373198509;1.016992568969727;0.05273249000310898;0;0
9354;1892;-0.04003763571381569;1.016016006469727;0.05712686479091644;0;0
9354;1893;-0.03735218197107315;1.016931533813477;0.06384049355983734;0;0
9362;1894;-0.03625359013676643;1.014063000679016;0.06402359157800674;0;0
9371;1895;-0.03588739037513733;1.012354016304016;0.06701420992612839;0;0
9372;1896;-0.03295781090855598;1.008936166763306;0.067868672311306;0;0
9390;1897;-0.03130991756916046;1.006616830825806;0.06359636038541794;0;0
9390;1898;-0.03192024677991867;1.003077030181885;0.05938509106636047;0;0
9390;1899;-0.03094371967017651;0.9961192607879639;0.05639447271823883;0;0
9390;1900;-0.03314090892672539;0.9911755919456482;0.05377005785703659;0;0
9394;1901;-0.03289677575230598;0.9847061038017273;0.05285455659031868;0;0
9397;1902;-0.033934336155653;0.9777482748031616;0.0541972853243351;0;0
9406;1903;-0.03826767578721046;0.9760394096374512;0.06054471433162689;0;0
9413;1904;-0.0407700277864933;0.9718891382217407;0.06188743934035301;0;0
9413;1905;-0.04376064613461494;0.9682272076606751;0.06176537275314331;0;0
9420;1906;-0.04534750431776047;0.9646872282028198;0.06365739554166794;0;0
9425;1907;-0.0471784919500351;0.9633445739746094;0.06896726787090302;0;0
9428;1908;-0.04846018552780151;0.9625511169433594;0.06713628023862839;0;0
9432;1909;-0.05004704371094704;0.9613915085792542;0.07140858471393585;0;0
9444;1910;-0.05206112936139107;0.9608421921730042;0.08337104320526123;0;0
9444;1911;-0.05572310835123062;0.9643820524215698;0.09142740070819855;0;0
9448;1912;-0.060849878937006;0.9641989469528198;0.0950893759727478;0;0
9471;1913;-0.06152124330401421;0.9687764048576355;0.09429594874382019;0;0
9471;1914;-0.05999542027711868;0.9677389264106751;0.09313632547855377;0;0
9471;1915;-0.05621137097477913;0.9674947261810303;0.0881316214799881;0;0
9471;1916;-0.0541362538933754;0.9672506451606751;0.0813569575548172;0;0
9482;1917;-0.05279352143406868;0.9615744948387146;0.05889682099223137;0;0
9482;1918;-0.05279352143406868;0.9615744948387146;0.05889682099223137;0;0
9482;1919;-0.05676066875457764;0.9621238708496094;0.05523484572768211;0;0
9488;1920;-0.05102356895804405;0.9649924635887146;0.05627240613102913;0;0
9509;1921;-0.05120666697621346;0.9663961529731751;0.05907991901040077;0;0
9510;1922;-0.05273249000310898;0.9670065045356751;0.06622078269720078;0;0
9510;1923;-0.05273249000310898;0.9662130475044251;0.0812348946928978;0;0
9510;1924;-0.05163389816880226;0.9685323238372803;0.09264805912971497;0;0
9546;1925;-0.04138035699725151;0.9705463647842407;0.1103476285934448;0;0
9546;1926;-0.03655875474214554;0.9660910367965698;0.109798327088356;0;0
9546;1927;-0.02667141333222389;0.9626731872558594;0.1149861291050911;0;0
9546;1928;-0.02331459708511829;0.9639548659324646;0.119807742536068;0;0
9546;1929;-0.0132441557943821;0.9721332788467407;0.1181598380208015;0;0
9546;1930;0.002685451181605458;0.9784806966781616;0.1103476285934448;0;0
9547;1931;0.01745543070137501;0.9789689779281616;0.1099814251065254;0;0
9547;1932;0.03149301558732987;0.9826309084892273;0.1043053567409515;0;0
9552;1933;0.04955877736210823;0.9849501848220825;0.1086997389793396;0;0
9578;1934;0.06591562181711197;0.9828140139579773;0.1101034954190254;0;0
9578;1935;0.07128651440143585;0.9792130589485169;0.1142537295818329;0;0
9578;1936;0.06585458666086197;0.9741473197937012;0.1168781518936157;0;0
9578;1937;0.05706583335995674;0.9631003737449646;0.1172443479299545;0;0
9578;1938;0.04589680209755898;0.9480862617492676;0.1141927018761635;0;0
9587;1939;0.02502352185547352;0.9350862503051758;0.1058922111988068;0;0
9587;1940;0.006774660665541887;0.9189124703407288;0.1009485423564911;0;0
9595;1941;-0.01690613478422165;0.9110392332077026;0.1070518493652344;0;0
9595;1942;-0.03570429235696793;0.905546247959137;0.1136434003710747;0;0
9602;1943;-0.0471784919500351;0.8989547491073608;0.1269485950469971;0;0
9607;1944;-0.05547897890210152;0.9017621874809265;0.137751430273056;0;0
9615;1945;-0.0545634850859642;0.907255232334137;0.1443430036306381;0;0
9619;1946;-0.05883578956127167;0.9151284098625183;0.1530096679925919;0;0
9623;1947;-0.05773719400167465;0.9236119985580444;0.1527045071125031;0;0
9629;1948;-0.05468554794788361;0.9352083206176758;0.1711364686489105;0;0
9630;1949;-0.04852122068405151;0.9480252861976624;0.1851740628480911;0;0
9640;1950;-0.03478879854083061;0.9576074481010437;0.1918266415596008;0;0
9640;1951;-0.01733336597681046;0.9583398103713989;0.2051928639411926;0;0
9645;1952;0.008422550745308399;0.9624900817871094;0.2033618837594986;0;0
9655;1953;0.03137094900012016;0.9759173393249512;0.2035449743270874;0;0
9655;1954;0.05523484572768211;0.9746356010437012;0.219596654176712;0;0
9662;1955;0.0814179927110672;0.9651144742965698;0.2386389523744583;0;0
9668;1956;0.1062584221363068;0.9541285037994385;0.2687281966209412;0;0
9670;1957;0.1293288767337799;0.9351473450660706;0.2977798879146576;0;0
9674;1958;0.1531927734613419;0.9108561873435974;0.3256109356880188;0;0
9679;1959;0.1653993725776672;0.8946824669837952;0.3282353579998016;0;0
9690;1960;0.1792538464069367;0.8637996912002564;0.3304935693740845;0;0
9690;1961;0.1790707558393478;0.8605039119720459;0.3310428559780121;0;0
9694;1962;0.1709533780813217;0.8752129077911377;0.3218268752098084;0;0
9708;1963;0.163751482963562;0.883818507194519;0.3153573870658875;0;0
9708;1964;0.1559392511844635;0.8851003050804138;0.3051038682460785;0;0
9716;1965;0.137690395116806;0.8891894817352295;0.2984512746334076;0;0
9716;1966;0.1058311760425568;0.8941941857337952;0.2909441888332367;0;0
9720;1967;0.08245555311441422;0.8992599248886108;0.3031508028507233;0;0
9724;1968;0.08764335513114929;0.8954758644104004;0.3392823338508606;0;0
9729;1969;0.106746681034565;0.8861377835273743;0.3884138762950897;0;0
9740;1970;0.135615274310112;0.8785697221755981;0.4325406849384308;0;0
9740;1971;0.1667420864105225;0.8800345659255981;0.4731886982917786;0;0
9744;1972;0.1980520188808441;0.8924852013587952;0.4922919869422913;0;0
9782;1973;0.2269206047058106;0.8934617638587952;0.4931464791297913;0;0
9782;1974;0.2520051896572113;0.8808889389038086;0.4825267195701599;0;0
9783;1975;0.2660427391529083;0.8658138513565064;0.4640947580337524;0;0
9783;1976;0.2618924975395203;0.8536072373390198;0.4379726648330689;0;0
9783;1977;0.2393103092908859;0.8381659388542175;0.3912824094295502;0;0
9784;1978;0.2147140204906464;0.8166822791099548;0.3315311372280121;0;0
9784;1979;0.1918876767158508;0.8011189103126526;0.2642117738723755;0;0
9784;1980;0.1742491573095322;0.7974568605422974;0.2094651758670807;0;0
9794;1981;0.1685120463371277;0.7778043150901794;0.1671082824468613;0;0
9794;1982;0.1711975038051605;0.757785439491272;0.159723311662674;0;0
9811;1983;0.1748594790697098;0.7361797690391541;0.1757749766111374;0;0
9811;1984;0.1750425845384598;0.7336164116859436;0.202385351061821;0;0
9812;1985;0.1710754483938217;0.7505835890769959;0.2313760221004486;0;0
9826;1986;0.1749815493822098;0.7717009782791138;0.2665310204029083;0;0
9826;1987;0.1856012940406799;0.8069170117378235;0.3222541213035584;0;0
9826;1988;0.1988454461097717;0.8624569773674011;0.389573484659195;0;0
9841;1989;0.2548126876354218;0.920194149017334;0.4959539473056793;0;0
9841;1990;0.3359254896640778;0.9801286458969116;0.6038603186607361;0;0
9841;1991;0.40892094373703;1.029565215110779;0.6857054829597473;0;0
9854;1992;0.4803295433521271;1.045922160148621;0.7514990568161011;0;0
9854;1993;0.5251888036727905;1.023522973060608;0.8076493740081787;0;0
9854;1994;0.5286676287651062;0.9699971079826355;0.841034471988678;0;0
9866;1995;0.4749586284160614;0.8990157246589661;0.8572081923484802;0;0
9866;1996;0.3992167115211487;0.8085038661956787;0.8558043837547302;0;0
9882;1997;0.3134043514728546;0.721470832824707;0.8020343780517578;0;0
9882;1998;0.2354041934013367;0.6356584429740906;0.6711796522140503;0;0
9882;1999;0.1757139414548874;0.5663860440254211;0.4681229591369629;0;0
9882;2000;0.1441598981618881;0.5167052149772644;0.2590849995613098;0;0
9896;2001;0.1668641567230225;0.4716628193855286;0.1273758262395859;0;0
9896;2002;0.2310098260641098;0.4675736725330353;0.1060142740607262;0;0
9906;2003;0.3168832361698151;0.513470470905304;0.1671082824468613;0;0
9906;2004;0.3945781886577606;0.6025175452232361;0.2662258446216583;0;0
9915;2005;0.4621416926383972;0.7081656455993652;0.4023904204368591;0;0
9916;2006;0.528301477432251;0.8171705007553101;0.5655925869941711;0;0
9925;2007;0.6034941077232361;0.9289829134941101;0.7392314672470093;0;0
9925;2008;0.6860106587409973;1.026757836341858;0.9081096053123474;0;0
9933;2009;0.7639498114585877;1.101767420768738;1.04232120513916;0;0
9933;2010;0.7933676838874817;1.157429337501526;1.133443355560303;0;0
9936;2011;0.7576634287834168;1.177509307861328;1.133382439613342;0;0
9943;2012;0.6822876334190369;1.158527970314026;1.03865921497345;0;0
9951;2013;0.5912264585494995;1.118490338325501;0.8932785987854004;0;0
9956;2014;0.5041934251785278;1.082358837127686;0.7798183560371399;0;0
9956;2015;0.5041323900222778;1.065147519111633;0.7112783193588257;0;0
9962;2016;0.5488085150718689;1.127889394760132;0.7223863005638123;0;0
9966;2017;0.6573861837387085;1.252701878547669;0.8009967803955078;0;0
9970;2018;0.7529028058052063;1.402476787567139;0.9253209829330444;0;0
9983;2019;0.7843958735466003;1.543035745620728;1.019128680229187;0;0
9984;2020;0.7527197003364563;1.683655738830566;1.049828290939331;0;0
9986;2021;0.7118886709213257;1.820735931396484;1.085288405418396;0;0
9997;2022;0.690710186958313;1.984120965003967;1.120443463325501;0;0
9997;2023;0.6605599522590637;1.999867558479309;1.128438711166382;0;0
10006;2024;0.608864963054657;1.999867558479309;1.120504498481751;0;0
10006;2025;0.5617474913597107;1.999867558479309;1.109396457672119;0;0
10012;2026;0.5163390040397644;1.999867558479309;1.061424493789673;0;0
10015;2027;0.4847238957881928;1.999867558479309;0.9807389378547669;0;0
10020;2028;0.4449304044246674;1.999867558479309;0.8851003050804138;0;0
10032;2029;0.4181369245052338;1.999867558479309;0.8061845898628235;0;0
10032;2030;0.3995828926563263;1.999867558479309;0.7284896373748779;0;0
10036;2031;0.390366941690445;1.999867558479309;0.6363298296928406;0;0
10050;2032;0.3747424781322479;1.999867558479309;0.5477709770202637;0;0
10050;2033;0.3437987565994263;1.999867558479309;0.4634844362735748;0;0
10060;2034;0.2963761389255524;1.999867558479309;0.3870711326599121;0;0
10060;2035;0.2349159419536591;1.999867558479309;0.3442870080471039;0;0
10068;2036;0.1838923692703247;1.678406834602356;0.312549889087677;0;0
10068;2037;0.1462960541248322;1.377331256866455;0.2526765167713165;0;0
10070;2038;0.1156574934720993;1.11647629737854;0.2019581198692322;0;0
10085;2039;0.08343207836151123;0.8928514122962952;0.1959768980741501;0;0
10086;2040;0.0473005585372448;0.7096914649009705;0.2098924070596695;0;0
10086;2041;0.001953055267222226;0.5511277914047241;0.2109299600124359;0;0
10100;2042;-0.04357754811644554;0.3881697654724121;0.1585636734962463;0;0
10100;2043;-0.07403299957513809;0.2065355926752091;0.04394374415278435;0;0
10100;2044;-0.07519263029098511;0.03741321712732315;-0.07525365799665451;0;0
10105;2045;-0.06249776855111122;-0.1022302359342575;-0.1574650853872299;0;0
10119;2046;-0.04376064613461494;-0.178521454334259;-0.2101365476846695;0;0
10119;2047;-0.04168552160263062;-0.2342445552349091;-0.2097093015909195;0;0
10119;2048;-0.0476057231426239;-0.2437046766281128;-0.1862116158008575;0;0
10135;2049;-0.06493908911943436;-0.2133713066577911;-0.1539862006902695;0;0
10135;2050;-0.08507997542619705;-0.1841975301504135;-0.06579355150461197;0;0
10135;2051;-0.1331129223108292;-0.146662250161171;0.04162449017167091;0;0
10151;2052;-0.1976247876882553;-0.1031457260251045;0.1110800206661224;0;0
10151;2053;-0.2709864377975464;-0.05474658310413361;0.1181598380208015;0;0
10151;2054;-0.3622917532920837;0.00726292422041297;0.08898608386516571;0;0
10156;2055;-0.4589069783687592;0.05932405218482018;0.01000940892845392;0;0
10159;2056;-0.5254329442977905;0.09020674228668213;-0.09594383835792542;0;0
10164;2057;-0.5472216606140137;0.09978891909122467;-0.1911552846431732;0;0
10188;2058;-0.5214657187461853;0.09454008191823959;-0.2421178221702576;0;0
10189;2059;-0.4544515609741211;0.07623019069433212;-0.2611601054668427;0;0
10189;2060;-0.368517130613327;0.05084047093987465;-0.2350990176200867;0;0
10189;2061;-0.2778831720352173;0.02911273017525673;-0.2056811302900314;0;0
10189;2062;-0.2206342071294785;0.0134882889688015;-0.1750425845384598;0;0
10195;2063;-0.1960379332304001;0.00488263787701726;-0.1179157048463821;0;0
10215;2064;-0.1810848414897919;0.006042264867573977;-0.04620196670293808;0;0
10216;2065;-0.165521427989006;0.01544134318828583;0.033934336155653;0;0
10216;2066;-0.1475167125463486;0.02953995950520039;0.1176715791225433;0;0
10216;2067;-0.1132161766290665;0.03991556912660599;0.1826106756925583;0;0
10235;2068;-0.08031939715147018;0.03924420475959778;0.215263307094574;0;0
10235;2069;-0.05907991901040077;0.04223482310771942;0.217460498213768;0;0
10235;2070;-0.04296721890568733;0.04028176516294479;0.1883477717638016;0;0
10235;2071;-0.03295781090855598;0.03179818019270897;0.1515448838472366;0;0
10242;2072;-0.02996719256043434;0.02868549898266792;0.1121175810694695;0;0
10259;2073;-0.03814560920000076;0.01672303676605225;0.07909873872995377;0;0
10259;2074;-0.04430994018912315;0.002319253282621503;0.06200950592756271;0;0
10259;2075;-0.03985453397035599;-0.01757749728858471;0.05541794374585152;0;0
10259;2076;-0.03802354633808136;-0.03759631514549255;0.03344607353210449;0;0
10275;2077;-0.04394374415278435;-0.05492968112230301;-0.006530528422445059;0;0
10275;2078;-0.06036161631345749;-0.06823486834764481;-0.06396255642175674;0;0
10275;2079;-0.08099076151847839;-0.07732877880334854;-0.1082114726305008;0;0
10291;2080;-0.08349311351776123;-0.07311750948429108;-0.1413523703813553;0;0
10291;2081;-0.05895785242319107;-0.06371843069791794;-0.1437326520681381;0;0
10291;2082;-0.01727233268320561;-0.04870431870222092;-0.0950283482670784;0;0
10301;2083;0.03277470916509628;-0.03497189655900002;-0.02746484056115151;0;0
10301;2084;0.08331001549959183;-0.0237418282777071;0.02337563037872315;0;0
10315;2085;0.1274368613958359;-0.007751188240945339;0.05102356895804405;0;0
10316;2086;0.1538030952215195;0.01989675126969814;0.06310810148715973;0;0
10316;2087;0.1639956086874008;0.04632402956485748;0.06414566189050674;0;0
10328;2088;0.1660096943378449;0.06890623271465302;0.0676245391368866;0;0
10328;2089;0.1591129750013351;0.0878874883055687;0.07720671594142914;0;0
10328;2090;0.1450143605470657;0.1040612235665321;0.07922080904245377;0;0
10335;2091;0.1199298053979874;0.1190753430128098;0.07537572830915451;0;0
10343;2092;0.08941330760717392;0.1286575198173523;0.07250718027353287;0;0
10343;2093;0.05297662317752838;0.1289016455411911;0.08233348280191422;0;0
10353;2094;0.01983571797609329;0.1280471831560135;0.09002363681793213;0;0
10353;2095;-0.005004704464226961;0.123835913836956;0.1064415201544762;0;0
10360;2096;-0.01800472848117352;0.1229814514517784;0.1406199783086777;0;0
10362;2097;-0.03228644281625748;0.1201129034161568;0.1533148437738419;0;0
10367;2098;-0.04473717138171196;0.1112631186842918;0.1339673846960068;0;0
10373;2099;-0.05242732539772987;0.1029626280069351;0.1163288503885269;0;0
10377;2100;-0.05377005785703659;0.09350252151489258;0.1070518493652344;0;0
10384;2101;-0.05315972864627838;0.08959641307592392;0.07958700507879257;0;0
10389;2102;-0.04797191917896271;0.08623959869146347;0.05169492959976196;0;0
10391;2103;-0.04430994018912315;0.07873254269361496;0.01562444213777781;0;0
10396;2104;-0.04388271272182465;0.06463392078876495;-0.02007984928786755;0;0
10401;2105;-0.04351651296019554;0.05700480192899704;-0.04839915037155151;0;0
10406;2106;-0.03643668815493584;0.07671844959259033;-0.05914095416665077;0;0
10411;2107;-0.0336291715502739;0.1374462693929672;-0.03936627134680748;0;0
10420;2108;-0.02172774076461792;0.2460239231586456;-0.002197187161073089;0;0
10421;2109;0.01049767155200243;0.3954326510429382;0.02203290536999703;0;0
10426;2110;0.07946494221687317;0.5847569704055786;0.05474658310413361;0;0
10433;2111;0.1800472736358643;0.8525086641311646;0.2032398134469986;0;0
10444;2112;0.2881366908550263;1.229326248168945;0.4791699051856995;0;0
10444;2113;0.4297942221164703;1.652223706245422;0.8622128963470459;0;0
10457;2114;0.5351982116699219;1.999867558479309;1.007898569107056;0;0
10457;2115;0.5646771192550659;1.999867558479309;0.7330670952796936;0;0
10458;2116;0.5439258813858032;1.999867558479309;0.367723673582077;0;0
10465;2117;0.4597614109516144;1.999867558479309;0.08703302592039108;0;0
10465;2118;0.3698598444461823;1.999867558479309;0.1588078141212463;0;0
10474;2119;0.2796531021595001;1.999867558479309;0.7295271754264832;0;0
10474;2120;0.1612491309642792;1.999867558479309;1.044396281242371;0;0
10483;2121;-0.02813620306551457;1.999867558479309;0.9017621874809265;0;0
10489;2122;-0.1699768453836441;1.999867558479309;0.5313531160354614;0;0
10489;2123;-0.2394934147596359;1.999867558479309;0.1065635830163956;0;0
10495;2124;-0.2477328479290009;1.495246887207031;-0.1971365213394165;0;0
10500;2125;-0.2205731868743897;1.104574799537659;-0.2984512746334076;0;0
10505;2126;-0.1805355399847031;0.8653255701065064;-0.1363476812839508;0;0
10518;2127;-0.1386058926582336;0.7543065547943115;0.1201129034161568;0;0
10518;2128;-0.1273147910833359;0.7756681442260742;0.3740100860595703;0;0
10520;2129;-0.163751482963562;0.9187293648719788;0.6595833897590637;0;0
10528;2130;-0.1769345998764038;1.129476308822632;0.9604150056838989;0;0
10536;2131;-0.1739439815282822;1.442453384399414;1.076011419296265;0;0
10536;2132;-0.1582585126161575;1.754881262779236;0.9164711833000183;0;0
10540;2133;-0.08092972636222839;1.999867558479309;0.3859115242958069;0;0
10544;2134;-0.08092972636222839;1.999867558479309;0.3859115242958069;0;0
10549;2135;-0.02825826779007912;1.999867558479309;0.2022022604942322;0;0
10554;2136;0.0474226251244545;1.999867558479309;0.1284133791923523;0;0
10571;2137;0.1556951254606247;1.999867558479309;0.1481270343065262;0;0
10571;2138;0.2750756442546845;1.999867558479309;0.2346107512712479;0;0
10571;2139;0.3762072622776032;1.999867558479309;0.3256719708442688;0;0
10576;2140;0.4960760474205017;1.922538757324219;0.4181979596614838;0;0
10587;2141;0.5098084211349487;1.757627725601196;0.4113012254238129;0;0
10588;2142;0.4952215552330017;1.588810443878174;0.3879866302013397;0;0
10597;2143;0.4592731297016144;1.416697502136231;0.3624748587608337;0;0
10597;2144;0.3989115357398987;1.26454222202301;0.3312869966030121;0;0
10601;2145;0.3171273469924927;1.143696904182434;0.3036390841007233;0;0
10604;2146;0.228568509221077;1.053673386573792;0.2740990817546845;0;0
10626;2147;0.1447091996669769;0.9917858839035034;0.2448643147945404;0;0
10627;2148;0.0681128054857254;0.9512600302696228;0.2200238853693008;0;0
10627;2149;-0.00189202232286334;0.9164102077484131;0.2072679847478867;0;0
10627;2150;-0.05877475440502167;0.8871142864227295;0.2078173011541367;0;0
10638;2151;-0.1013757735490799;0.854705810546875;0.2092210352420807;0;0
10638;2152;-0.1361035406589508;0.8232738375663757;0.2059863060712814;0;0
10644;2153;-0.161676362156868;0.788607120513916;0.1976858228445053;0;0
10645;2154;-0.174676388502121;0.7458840012550354;0.1823055148124695;0;0
10667;2155;-0.1918266415596008;0.7054802179336548;0.1540472358465195;0;0
10667;2156;-0.1986013054847717;0.6331561207771301;0.1256669014692307;0;0
10667;2157;-0.191338375210762;0.5595503449440002;0.08746025711297989;0;0
10667;2158;-0.1871271133422852;0.5099915266036987;0.0681738406419754;0;0
10676;2159;-0.1892022341489792;0.4914985597133637;0.05169492959976196;0;0
10676;2160;-0.1822444796562195;0.4874703586101532;0.04931464791297913;0;0
10681;2161;-0.1539251655340195;0.4896675944328308;0.04449304193258286;0;0
10692;2162;-0.1133992746472359;0.4986394047737122;0.04418787732720375;0;0
10692;2163;-0.06719730794429779;0.512982189655304;0.05474658310413361;0;0
10704;2164;-0.02368079498410225;0.5265925526618958;0.07104238122701645;0;0
10704;2165;0.0100704412907362;0.5530198216438294;0.08703302592039108;0;0
10704;2166;0.04003763571381569;0.5787146687507629;0.09301426261663437;0;0
10710;2167;0.07384990155696869;0.5989776253700256;0.09344148635864258;0;0
10722;2168;0.1063194572925568;0.6130152344703674;0.09679830074310303;0;0
10722;2169;0.1302443742752075;0.6307758092880249;0.09356355667114258;0;0
10722;2170;0.1499580293893814;0.6508556604385376;0.1047936156392098;0;0
10736;2171;0.1633852869272232;0.6720340847969055;0.105526015162468;0;0
10736;2172;0.1789486855268478;0.692297101020813;0.09899549186229706;0;0
10747;2173;0.187310203909874;0.7099356055259705;0.08373724669218063;0;0
10747;2174;0.1901177167892456;0.7249497175216675;0.06670904904603958;0;0
10747;2175;0.1877374351024628;0.7363628745079041;0.05383108928799629;0;0
10754;2176;0.1804134845733643;0.743625819683075;0.03729115054011345;0;0
10773;2177;0.1725402325391769;0.7524755597114563;0.02227703668177128;0;0
10773;2178;0.1678406894207001;0.7620577812194824;0.008178418502211571;0;0
10773;2179;0.1513007581233978;0.7705413699150085;0.005004704464226961;0;0
10773;2180;0.1347608119249344;0.772921621799469;-0.007323957048356533;0;0
10778;2181;0.1148640587925911;0.7794521450996399;-0.0272817425429821;0;0
10794;2182;0.0949673131108284;0.8049029111862183;-0.03253057599067688;0;0
10794;2183;0.0745212659239769;0.8460391163825989;-0.03155405074357987;0;0
10795;2184;0.04607990011572838;0.8962692618370056;-0.02081224508583546;0;0
10814;2185;0.02038501389324665;0.9784806966781616;-0.002319253282621503;0;0
10814;2186;-0.00244131893850863;1.093527913093567;0.01538031082600355;0;0
10814;2187;-0.03015029244124889;1.225908398628235;0.03674185276031494;0;0
10814;2188;-0.05364799126982689;1.368542432785034;0.06432875990867615;0;0
10820;2189;-0.06854003667831421;1.507514595985413;0.09295322746038437;0;0
10827;2190;-0.07537572830915451;1.607486486434937;0.1257889717817307;0;0
10827;2191;-0.07653535157442093;1.668397545814514;0.1526434719562531;0;0
10836;2192;-0.07702361792325974;1.682312965393066;0.1768125295639038;0;0
10836;2193;-0.08013629913330078;1.652834177017212;0.2097703516483307;0;0
10851;2194;-0.06585458666086197;1.56287145614624;0.2412023395299912;0;0
10851;2195;-0.03741321712732315;1.424509763717651;0.2851460576057434;0;0
10851;2196;-0.01336622331291437;1.297744154930115;0.3159067034721375;0;0
10861;2197;-0.0008544616866856813;1.19166886806488;0.3203620910644531;0;0
10861;2198;0.009704243391752243;1.094138145446777;0.3050428330898285;0;0
10886;2199;0.00848358403891325;0.9978281259536743;0.2759911119937897;0;0
10886;2200;-0.004150242544710636;0.9170814752578735;0.2352210879325867;0;0
10887;2201;-0.02801413647830486;0.8408513069152832;0.1864557415246964;0;0
10887;2202;-0.05163389816880226;0.7753019332885742;0.1179767400026321;0;0
10887;2203;-0.07256821542978287;0.7256820797920227;0.05242732539772987;0;0
10902;2204;-0.09295322746038437;0.6966914534568787;-0.01177936512976885;0;0
10902;2205;-0.1045494899153709;0.692541241645813;-0.0609719455242157;0;0
10902;2206;-0.1107748597860336;0.7079825401306152;-0.08544617146253586;0;0
10917;2207;-0.1149250939488411;0.7339215874671936;-0.09222082793712616;0;0
10917;2208;-0.109920397400856;0.7752408981323242;-0.08245555311441422;0;0
10917;2209;-0.1029016003012657;0.8188794851303101;-0.05090150237083435;0;0
10927;2210;-0.09069500863552094;0.8616026043891907;-0.00488263787701726;0;0
10928;2211;-0.08038043230772018;0.8984665274620056;0.04296721890568733;0;0
10962;2212;-0.07238511741161346;0.9283116459846497;0.07848840951919556;0;0
10962;2213;-0.06426772475242615;0.9549829959869385;0.1011316403746605;0;0
10962;2214;-0.05676066875457764;0.9756121039390564;0.1127889454364777;0;0
10962;2215;-0.04687332734465599;0.988917350769043;0.1220049262046814;0;0
10962;2216;-0.03320194035768509;1.009546518325806;0.1091879978775978;0;0
10962;2217;-0.02148360945284367;1.025109887123108;0.08410344272851944;0;0
10963;2218;-0.01129110064357519;1.034386873245239;0.06249776855111122;0;0
10984;2219;-0.003967143595218658;1.0385981798172;0.03680288791656494;0;0
10984;2220;0.0001220659542013891;1.03780472278595;0.01000940892845392;0;0
10984;2221;0.006469495594501495;1.0367671251297;-0.007751188240945339;0;0
10984;2222;0.01177936512976885;1.035058259963989;-0.02069017849862576;0;0
10984;2223;0.01940848678350449;1.034325838088989;-0.02917376160621643;0;0
11000;2224;0.02819723635911942;1.030602812767029;-0.02905169688165188;0;0
11000;2225;0.04150242358446121;1.032678008079529;-0.02844136767089367;0;0
11000;2226;0.05505174770951271;1.036278963088989;-0.02142257615923882;0;0
11012;2227;0.06268087029457092;1.04146671295166;-0.01275589223951101;0;0
11012;2228;0.0679907351732254;1.043907999992371;-0.006286396645009518;0;0
11027;2229;0.07073722034692764;1.047692060470581;-0.004577473271638155;0;0
11027;2230;0.06982172280550003;1.052330613136292;-0.0009154946310445666;0;0
11027;2231;0.06731937825679779;1.058128714561462;0.0006713627954013646;0;0
11038;2232;0.0609719455242157;1.056175708770752;0.008300485089421272;0;0
11038;2233;0.05169492959976196;1.053429245948792;0.004150242544710636;0;0
11038;2234;0.03845077380537987;1.049278855323792;0.008971847593784332;0;0
11053;2235;0.02178877405822277;1.04024612903595;0.01550237648189068;0;0
11053;2236;0.009826309978961945;1.027917504310608;0.02123947627842426;0;0
11062;2237;-0.002624417888000608;1.014673233032227;0.02850240096449852;0;0
11062;2238;-0.01318312250077725;1.002161502838135;0.03021132573485375;0;0
11069;2239;-0.02380286157131195;0.9930065870285034;0.02978409454226494;0;0
11069;2240;-0.03289677575230598;0.9864149689674377;0.02978409454226494;0;0
11076;2241;-0.04199068620800972;0.9823257327079773;0.02984512783586979;0;0
11081;2242;-0.05053530633449554;0.9774430990219116;0.0271596759557724;0;0
11088;2243;-0.05730996653437614;0.972011148929596;0.02313149906694889;0;0
11088;2244;-0.06323016434907913;0.9683492183685303;0.01757749728858471;0;0
11094;2245;-0.06701420992612839;0.9647482633590698;0.0132441557943821;0;0
11102;2246;-0.06634285300970078;0.9581567049026489;0.005737100262194872;0;0
11109;2247;-0.05981232225894928;0.9573022723197937;0.0003051648673135787;0;0
11109;2248;-0.05273249000310898;0.9605370163917542;-0.004333341494202614;0;0
11116;2249;-0.04156345874071121;0.9675558209419251;-0.005309869069606066;0;0
11121;2250;-0.0336902029812336;0.9782365560531616;-0.009399078786373138;0;0
11126;2251;-0.02960099279880524;0.9915418028831482;-0.008544617332518101;0;0
11131;2252;-0.026976577937603;1.006372809410095;-0.01342725567519665;0;0
11133;2253;-0.02825826779007912;1.018213152885437;-0.01275589223951101;0;0
11137;2254;-0.03082165494561195;1.025659203529358;-0.01031457353383303;0;0
11142;2255;-0.03912214189767838;1.034447908401489;-0.0042112753726542;0;0
11157;2256;-0.04485923796892166;1.045983195304871;0.001830989262089133;0;0
11157;2257;-0.04907051473855972;1.057030200958252;0.007629122585058212;0;0
11161;2258;-0.05047427117824554;1.062156915664673;0.0136713869869709;0;0
11173;2259;-0.05975128710269928;1.061790704727173;0.01513617858290672;0;0
11173;2260;-0.06988275796175003;1.061973810195923;0.0202629491686821;0;0
11173;2261;-0.07305647432804108;1.060997366905212;0.02880756556987763;0;0
11183;2262;-0.0748874619603157;1.049034833908081;0.04315031692385674;0;0
11183;2263;-0.08428654074668884;1.051048994064331;0.03680288791656494;0;0
11191;2264;-0.08910814672708511;1.057152152061462;0.03039442375302315;0;0
11200;2265;-0.08660579472780228;1.050011396408081;0.03570429235696793;0;0
11200;2266;-0.08709406107664108;1.0412837266922;0.03906110301613808;0;0
11203;2267;-0.0881926491856575;1.032616972923279;0.03594842553138733;0;0
11210;2268;-0.09038984030485153;1.022790670394898;0.03008925914764404;0;0
11215;2269;-0.09020674228668213;1.015893936157227;0.01983571797609329;0;0
11219;2270;-0.09002363681793213;1.006983160972595;0.008544617332518101;0;0
11221;2271;-0.08776542544364929;1.001185059547424;-0.002685451181605458;0;0
11226;2272;-0.08422550559043884;0.9965464472770691;-0.007507056463509798;0;0
11231;2273;-0.07836634665727615;0.9908093214035034;-0.01434274949133396;0;0
11236;2274;-0.0750095322728157;0.9842178225517273;-0.01861505769193173;0;0
11247;2275;-0.07110341638326645;0.9804337620735169;-0.02288736775517464;0;0
11248;2276;-0.06921139359474182;0.9796403646469116;-0.02929582819342613;0;0
11253;2277;-0.07030998915433884;0.9778704047203064;-0.03283574432134628;0;0
11264;2278;-0.07232408225536346;0.9798234701156616;-0.03631462156772614;0;0
11264;2279;-0.07525365799665451;0.9833633303642273;-0.03668082132935524;0;0
11272;2280;-0.07592502236366272;0.9851943850517273;-0.03735218197107315;0;0
11272;2281;-0.07861047983169556;0.9867811799049377;-0.03314090892672539;0;0
11278;2282;-0.08105179667472839;0.987879753112793;-0.03649772331118584;0;0
11280;2283;-0.08099076151847839;0.9876356720924377;-0.03051649034023285;0;0
11285;2284;-0.08318794518709183;0.988184928894043;-0.02484042197465897;0;0
11297;2285;-0.08202832192182541;0.988734245300293;-0.01855402626097202;0;0
11297;2286;-0.08367621153593063;0.9912976026535034;-0.01092490274459124;0;0
11300;2287;-0.08489687740802765;0.9946544766426086;-0.006408462766557932;0;0
11308;2288;-0.08404240757226944;0.9993540048599243;-0.003845077706500888;0;0
11315;2289;-0.08727715909481049;1.000147461891174;0.001647890312597156;0;0
11315;2290;-0.08465274423360825;1.002710819244385;0.007690155413001776;0;0
11321;2291;-0.08764335513114929;1.004419803619385;0.01086387038230896;0;0
11325;2292;-0.08947434276342392;1.005152106285095;0.0153192775323987;0;0
11330;2293;-0.09167153388261795;1.006189703941345;0.02142257615923882;0;0
11335;2294;-0.094784215092659;1.006738901138306;0.02233806997537613;0;0
11343;2295;-0.09887342900037766;1.007471323013306;0.02099534310400486;0;0
11345;2296;-0.09960582107305527;1.005274176597595;0.01580754108726978;0;0
11360;2297;-0.1041832864284515;1.000086307525635;0.01135213393718004;0;0
11360;2298;-0.1093710958957672;0.9991708993911743;0.009948375634849072;0;0
11360;2299;-0.1127889454364777;0.9985606074333191;0.007384989876300097;0;0
11370;2300;-0.1134603023529053;0.9963633418083191;0.003967143595218658;0;0
11370;2301;-0.1148030310869217;0.9927014112472534;-0.003295780625194311;0;0
11378;2302;-0.1159016191959381;0.9917249083518982;-0.001098593580536544;0;0
11381;2303;-0.1127889454364777;0.990077018737793;-0.004394374322146177;0;0
11385;2304;-0.110896922647953;0.989588737487793;-0.003967143595218658;0;0
11402;2305;-0.1065635830163956;0.9859266877174377;-0.004028176423162222;0;0
11402;2306;-0.1016809418797493;0.9862318634986877;6.103297710069455e-05;0;0
11402;2307;-0.09911755472421646;0.9864149689674377;0.0001220659542013891;0;0
11407;2308;-0.094723179936409;0.9861098527908325;0.001769956317730248;0;0
11417;2309;-0.09136637300252914;0.9884291291236877;0.005737100262194872;0;0
11417;2310;-0.08678889274597168;0.9899548888206482;0.01208452973514795;0;0
11425;2311;-0.08221141993999481;0.9927623867988586;0.01672303676605225;0;0
11425;2312;-0.07940390706062317;0.9943492412567139;0.01263382658362389;0;0
11430;2313;-0.07696258276700974;0.9936779737472534;0.007079825270920992;0;0
11434;2314;-0.07653535157442093;0.9933117628097534;0.01092490274459124;0;0
11442;2315;-0.07647431641817093;0.990077018737793;0.02105637639760971;0;0
11444;2316;-0.0747653990983963;0.989039421081543;0.02380286157131195;0;0
11450;2317;-0.0742771327495575;0.9877577424049377;0.02471835725009441;0;0
11462;2318;-0.07507055997848511;0.9851943850517273;0.02593901380896568;0;0
11462;2319;-0.07738981395959854;0.9819595217704773;0.03576532378792763;0;0
11482;2320;-0.07720671594142914;0.9768939018249512;0.03954936936497688;0;0
11482;2321;-0.07574192434549332;0.975062906742096;0.04522543400526047;0;0
11482;2322;-0.07629121840000153;0.9762834906578064;0.04852122068405151;0;0
11482;2323;-0.07812220603227615;0.9779924750328064;0.05248835682868958;0;0
11493;2324;-0.07836634665727615;0.9856215715408325;0.05962922051548958;0;0
11493;2325;-0.07702361792325974;0.9953257441520691;0.07085928320884705;0;0
11493;2326;-0.07342267036437988;1.004419803619385;0.07549779117107391;0;0
11505;2327;-0.06823486834764481;1.013452529907227;0.08092972636222839;0;0
11505;2328;-0.06640388071537018;1.020837545394898;0.08642269670963287;0;0
11514;2329;-0.06225363910198212;1.029260158538818;0.09631003439426422;0;0
11514;2330;-0.06243673712015152;1.03878128528595;0.1024743691086769;0;0
11521;2331;-0.05975128710269928;1.03890335559845;0.1052208468317986;0;0
11530;2332;-0.05145080015063286;1.033532500267029;0.1076621785759926;0;0
11530;2333;-0.04345548152923584;1.022302389144898;0.0950283482670784;0;0
11533;2334;-0.03668082132935524;1.011743664741516;0.07952596992254257;0;0
11546;2335;-0.03503292798995972;0.9983775019645691;0.05950715765357018;0;0
11546;2336;-0.03649772331118584;0.9863539338111877;0.03838974237442017;0;0
11548;2337;-0.03979350253939629;0.9722553491592407;0.02300943247973919;0;0
11554;2338;-0.04235688969492912;0.9509548544883728;0.007384989876300097;0;0
11561;2339;-0.05010807514190674;0.9286168217658997;-0.003112681908532977;0;0
11570;2340;-0.0610329806804657;0.9037152528762817;-0.006957759615033865;0;0
11570;2341;-0.07220201939344406;0.8756401538848877;-0.00665259500965476;0;0
11580;2342;-0.08477480709552765;0.8594664335250855;-0.007751188240945339;0;0
11580;2343;-0.09569970518350601;0.8448185324668884;-0.001953055267222226;0;0
11600;2344;-0.1052208468317986;0.8343818783760071;0.01336622331291437;0;0
11600;2345;-0.1107138246297836;0.8280344605445862;0.02783103846013546;0;0
11600;2346;-0.1126668751239777;0.8279733657836914;0.02270426787436009;0;0
11600;2347;-0.1036950275301933;0.8295602202415466;0.006225363817065954;0;0
11631;2348;-0.09411285072565079;0.8382879495620728;-0.00848358403891325;0;0
11631;2349;-0.06353533267974854;0.8517151474952698;-0.04437097534537315;0;0
11631;2350;-0.06353533267974854;0.8517151474952698;-0.04437097534537315;0;0
11631;2351;-0.04150242358446121;0.8623349070549011;-0.0476057231426239;0;0
11631;2352;-0.02099534310400486;0.8738091588020325;-0.0268545113503933;0;0
11632;2353;0.00427230866625905;0.8735649585723877;0.01013147458434105;0;0
11632;2354;0.02600004710257053;0.8819265365600586;0.03741321712732315;0;0
11652;2355;0.04791088774800301;0.8879077434539795;0.06359636038541794;0;0
11652;2356;0.08861988037824631;0.9144571423530579;0.1907890886068344;0;0
11652;2357;0.1152302622795105;0.9296543002128601;0.2816061675548554;0;0
11652;2358;0.1398875862360001;0.9400299787521362;0.3725453019142151;0;0
11664;2359;0.1444650590419769;0.9451566934585571;0.449568897485733;0;0
11664;2360;0.1426950991153717;0.9665793180465698;0.4749586284160614;0;0
11679;2361;0.1395824253559113;0.9962413311004639;0.4620196521282196;0;0
11679;2362;0.1389110535383225;1.024560570716858;0.4227754175662994;0;0
11679;2363;0.1367138773202896;1.0377436876297;0.3799302875995636;0;0
11699;2364;0.1179767400026321;1.023828268051148;0.327625036239624;0;0
11699;2365;0.1104696914553642;0.9706074595451355;0.2803854942321777;0;0
11699;2366;0.09203772991895676;0.9203163385391235;0.2739160060882568;0;0
11699;2367;0.067868672311306;0.8764336109161377;0.2700099050998688;0;0
11714;2368;0.04614093154668808;0.8411564826965332;0.2775169610977173;0;0
11714;2369;0.03893904015421867;0.8202832341194153;0.2789817452430725;0;0
11714;2370;0.04595783352851868;0.8007526993751526;0.2653714120388031;0;0
11731;2371;0.05859165638685226;0.7857385277748108;0.2739770412445068;0;0
11732;2372;0.08251658827066422;0.7668793797492981;0.3187142312526703;0;0
11732;2373;0.1057701483368874;0.7178089022636414;0.4092260897159576;0;0
11732;2374;0.1026574671268463;0.6673955917358398;0.4772168397903442;0;0
11744;2375;0.08575133234262466;0.6540904045104981;0.5075502395629883;0;0
11744;2376;0.05975128710269928;0.6526256203651428;0.5221981406211853;0;0
11758;2377;0.03515499457716942;0.6695927977561951;0.5051088929176331;0;0
11758;2378;0.01830989308655262;0.691259503364563;0.4438318312168121;0;0
11758;2379;0.01080283708870411;0.7308698892593384;0.327258825302124;0;0
11773;2380;0.01727233268320561;0.7746305465698242;0.200249195098877;0;0
11773;2381;0.02673244662582874;0.8088090419769287;0.1137654706835747;0;0
11773;2382;0.04553060233592987;0.8143630027770996;0.09344148635864258;0;0
11788;2383;0.06225363910198212;0.8348701596260071;0.1010706126689911;0;0
11788;2384;0.08331001549959183;0.871550977230072;0.1259720623493195;0;0
11788;2385;0.119807742536068;0.9267857670783997;0.1703430414199829;0;0
11796;2386;0.1747984439134598;0.9980112314224243;0.2148971110582352;0;0
11796;2387;0.2448032647371292;1.078940987586975;0.2617093920707703;0;0
11802;2388;0.3237799406051636;1.145955204963684;0.3170053064823151;0;0
11811;2389;0.3996439278125763;1.19368302822113;0.3821274936199188;0;0
11811;2390;0.4706863164901733;1.208880186080933;0.4742262363433838;0;0
11817;2391;0.5374563932418823;1.19160783290863;0.5967194437980652;0;0
11822;2392;0.5803626179695129;1.151692271232605;0.7334943413734436;0;0
11828;2393;0.5925691723823547;1.089316606521606;0.8421940803527832;0;0
11836;2394;0.5647991895675659;1.003199100494385;0.9203773140907288;0;0
11836;2395;0.4945502281188965;0.922574520111084;0.953029990196228;0;0
11843;2396;0.4086157977581024;0.8349921703338623;0.9341097474098206;0;0
11848;2397;0.3351320922374725;0.757785439491272;0.8511659502983093;0;0
11854;2398;0.2916155755519867;0.7088980674743652;0.7229966521263123;0;0
11854;2399;0.2720850110054016;0.6634284853935242;0.5765175223350525;0;0
11859;2400;0.2737329006195068;0.6356584429740906;0.4685502052307129;0;0
11864;2401;0.312671959400177;0.6199119687080383;0.4483482241630554;0;0
11869;2402;0.394150972366333;0.6065457463264465;0.4855783879756928;0;0
11874;2403;0.4913154542446137;0.6151514053344727;0.5691935420036316;0;0
11886;2404;0.5608320236206055;0.6490246653556824;0.6173485517501831;0;0
11886;2405;0.59513258934021;0.6822265982627869;0.6209495067596436;0;0
11896;2406;0.609048068523407;0.6951655745506287;0.6257711052894592;0;0
11896;2407;0.6340106129646301;0.7101187109947205;0.6823487281799316;0;0
11906;2408;0.6675177216529846;0.7406962513923645;0.7665131688117981;0;0
11906;2409;0.6908323168754578;0.7861657738685608;0.8183912038803101;0;0
11916;2410;0.7023674845695496;0.825043797492981;0.7804897427558899;0;0
11916;2411;0.6952877044677734;0.8542786240577698;0.6903440356254578;0;0
11920;2412;0.6747195720672607;0.8759453296661377;0.6302265524864197;0;0
11931;2413;0.6670294404029846;0.8986495137214661;0.5924471616744995;0;0
11931;2414;0.6823487281799316;0.9342928528785706;0.572550356388092;0;0
11938;2415;0.722691535949707;1.013025403022766;0.6022124290466309;0;0
11938;2416;0.771945059299469;1.11519455909729;0.7021843791007996;0;0
11972;2417;0.8207104802131653;1.240983605384827;0.8418278694152832;0;0
11972;2418;0.8338935971260071;1.392528414726257;0.9405791759490967;0;0
11973;2419;0.7951376438140869;1.570439577102661;0.9490017890930176;0;0
11973;2420;0.7301985621452332;1.765684008598328;0.9695088863372803;0;0
11973;2421;0.6573861837387085;1.989430904388428;1.024438500404358;0;0
11973;2422;0.5806066989898682;1.999867558479309;1.036156892776489;0;0
11981;2423;0.4817943274974823;1.999867558479309;1.014063000679016;0;0
11981;2424;0.35313680768013;1.999867558479309;0.9678609967231751;0;0
11997;2425;0.2166670858860016;1.999867558479309;0.9541285037994385;0;0
11997;2426;0.08599546551704407;1.999867558479309;0.9491238594055176;0;0
11997;2427;-0.01190143078565598;1.999867558479309;0.9153726100921631;0;0
12012;2428;-0.05334282666444778;1.999867558479309;0.8672786355018616;0;0
12012;2429;-0.01238969434052706;1.999867558479309;0.825226902961731;0;0
12012;2430;0.06890623271465302;1.999867558479309;0.7458840012550354;0;0
12031;2431;0.1254837960004807;1.999867558479309;0.6263814568519592;0;0
12031;2432;0.1307936608791351;1.999867558479309;0.4958929419517517;0;0
12032;2433;0.1259110271930695;1.999867558479309;0.3892073035240173;0;0
12032;2434;0.1281692534685135;1.834040999412537;0.3147470653057098;0;0
12047;2435;0.1322584748268127;1.665895223617554;0.2516389787197113;0;0
12047;2436;0.1348828822374344;1.532599091529846;0.1912773549556732;0;0
12047;2437;0.1319532990455627;1.434396982192993;0.1564275324344635;0;0
12047;2438;0.1138265058398247;1.352856993675232;0.1194415464997292;0;0
12059;2439;0.1019250750541687;1.269608020782471;0.0815400555729866;0;0
12059;2440;0.09722553938627243;1.177448153495789;0.06731937825679779;0;0
12081;2441;0.1104696914553642;1.075767278671265;0.07378887385129929;0;0
12081;2442;0.1287185400724411;0.9394806027412415;0.1036950275301933;0;0
12081;2443;0.123835913836956;0.7627291679382324;0.1412303000688553;0;0
12081;2444;0.1071128845214844;0.5853062272071838;0.148493230342865;0;0
12092;2445;0.0814790278673172;0.4515219926834106;0.1438547372817993;0;0
12092;2446;0.05517381429672241;0.3066907227039337;0.1468453407287598;0;0
12092;2447;0.03893904015421867;0.1961599886417389;0.1392162144184113;0;0
12103;2448;-0.03301884233951569;0.1071128845214844;0.1351270228624344;0;0
12103;2449;-0.1432444006204605;0.08172315359115601;0.08861988037824631;0;0
12110;2450;-0.2450474053621292;0.1259110271930695;0.02874653227627277;0;0
12123;2451;-0.3340334892272949;0.2059252560138702;-0.008849781937897205;0;0
12123;2452;-0.3954937160015106;0.2546906173229218;0.04003763571381569;0;0
12123;2453;-0.4108129739761353;0.2533479034900665;0.1892022341489792;0;0
12131;2454;-0.3674795627593994;0.2614652812480927;0.2939348220825195;0;0
12138;2455;-0.282216489315033;0.301686018705368;0.301258772611618;0;0
12138;2456;-0.1800472736358643;0.3254888951778412;0.2633573114871979;0;0
12147;2457;-0.07684051990509033;0.3091930449008942;0.204643577337265;0;0
12147;2458;-0.003295780625194311;0.2618924975395203;0.09075604379177094;0;0
12156;2459;0.03155405074357987;0.1974416822195053;-0.1039391607046127;0;0
12156;2460;0.04504233598709106;0.1220659613609314;-0.3029066920280457;0;0
12162;2461;0.04278411716222763;0.03320194035768509;-0.450423389673233;0;0
12170;2462;0.01910332217812538;-0.05859165638685226;-0.5024845004081726;0;0
12171;2463;0.004455407150089741;-0.1565495878458023;-0.4445031881332398;0;0
12181;2464;0.04522543400526047;-0.2013477981090546;-0.3712025880813599;0;0
12181;2465;0.1306105703115463;-0.2208173125982285;-0.2512117326259613;0;0
12190;2466;0.1990895718336105;-0.245718777179718;-0.1072959825396538;0;0
12190;2467;0.2127609699964523;-0.2567046880722046;0.008056352846324444;0;0
12196;2468;0.1780942231416702;-0.2479769736528397;0.09380768984556198;0;0
12203;2469;0.1151081919670105;-0.2418736815452576;0.1441598981618881;0;0
12206;2470;0.04553060233592987;-0.230216383934021;0.124873474240303;0;0
12209;2471;-0.0153192775323987;-0.1975637525320053;0.07269027829170227;0;0
12214;2472;-0.07684051990509033;-0.1621035933494568;0.0341174341738224;0;0
12224;2473;-0.1501411199569702;-0.1267654895782471;-0.01336622331291437;0;0
12224;2474;-0.2333900928497315;-0.09014570713043213;-0.07525365799665451;0;0
12229;2475;-0.3154794573783875;-0.05261042341589928;-0.133845329284668;0;0
12236;2476;-0.3990946412086487;-0.009032880887389183;-0.1566716581583023;0;0
12243;2477;-0.4665360748767853;0.01989675126969814;-0.1461129486560822;0;0
12251;2478;-0.5008976459503174;0.02282633446156979;-0.1553899496793747;0;0
12251;2479;-0.513775646686554;0.00726292422041297;-0.1696716845035553;0;0
12257;2480;-0.5074281692504883;-0.009704243391752243;-0.146723285317421;0;0
12261;2481;-0.4736158847808838;0.00189202232286334;-0.1320753693580627;0;0
12271;2482;-0.3875594139099121;0.02203290536999703;-0.09594383835792542;0;0
12271;2483;-0.2706812620162964;0.06304706633090973;-0.01361035462468863;0;0
12274;2484;-0.1648500710725784;0.1103476285934448;0.0677466094493866;0;0
12283;2485;-0.08587340265512466;0.1370190382003784;0.09386871755123138;0;0
12284;2486;-0.04186862334609032;0.1463570892810822;0.05730996653437614;0;0
12289;2487;-0.02246013469994068;0.1445871293544769;-0.0008544616866856813;0;0
12294;2488;-0.01550237648189068;0.1284744143486023;-0.04583576694130898;0;0
12299;2489;-0.007751188240945339;0.1102255582809448;-0.0880705863237381;0;0
12304;2490;0.0009765276336111128;0.09002363681793213;-0.1385448575019836;0;0
12308;2491;0.0136713869869709;0.0814790278673172;-0.1647890359163284;0;0
12323;2492;0.04321134835481644;0.06524424999952316;-0.1406810134649277;0;0
12323;2493;0.0816621258854866;0.05828649178147316;-0.08636166155338287;0;0
12325;2494;0.1235307455062866;0.06200950592756271;0.01092490274459124;0;0
12337;2495;0.163507342338562;0.07690154761075974;0.1125448122620583;0;0
12338;2496;0.1926200687885284;0.08593443781137466;0.1939628124237061;0;0
12345;2497;0.2053759843111038;0.08495790511369705;0.2571929693222046;0;0
12346;2498;0.1879815757274628;0.08990157395601273;0.2987564206123352;0;0
12357;2499;0.1555120199918747;0.09582177549600601;0.3142588138580322;0;0
12357;2500;0.1343335807323456;0.09972788393497467;0.311939537525177;0;0
12360;2501;0.1233476474881172;0.1092490330338478;0.3054090142250061;0;0
12383;2502;0.1215776950120926;0.1082114726305008;0.2957047820091248;0;0
12383;2503;0.1213335618376732;0.09881239384412766;0.2747094333171845;0;0
12384;2504;0.1268265247344971;0.09960582107305527;0.2441319227218628;0;0
12384;2505;0.1373852342367172;0.09252599626779556;0.2184370160102844;0;0
12384;2506;0.1435495615005493;0.07366680353879929;0.1942679733037949;0;0
12389;2507;0.148737370967865;0.06884519755840302;0.1813289821147919;0;0
12403;2508;0.1515448838472366;0.06738040596246719;0.2029346525669098;0;0
12403;2509;0.1618594527244568;0.04913154989480972;0.2298501878976822;0;0
12403;2510;0.174432247877121;0.04876535013318062;0.2372962087392807;0;0
12410;2511;0.1714416444301605;0.08422550559043884;0.2668361961841583;0;0
12415;2512;0.1473946422338486;0.1475777477025986;0.2571929693222046;0;0
12443;2513;0.1149861291050911;0.2637845277786255;0.2318032383918762;0;0
12443;2514;0.08739922195672989;0.4712966680526733;0.3038221597671509;0;0
12443;2515;0.05865268781781197;0.7838464975357056;0.4335782825946808;0;0
12443;2516;0.08367621153593063;1.220415472984314;0.542705237865448;0;0
12444;2517;0.2450474053621292;1.760069131851196;0.6321795582771301;0;0
12444;2518;0.4839304983615875;1.999867558479309;0.5846959352493286;0;0
12474;2519;0.7013299465179443;1.999867558479309;0.3473997116088867;0;0
12475;2520;0.7987385988235474;1.999867558479309;0.1190143153071404;0;0
12475;2521;0.7814662456512451;1.999867558479309;-0.01385448593646288;0;0
12475;2522;0.690282940864563;1.999867558479309;0.3842636346817017;0;0
12476;2523;0.4921089112758637;1.999867558479309;1.11788010597229;0;0
12476;2524;0.3010756969451904;1.999867558479309;1.399303078651428;0;0
12489;2525;0.03002822585403919;1.999867558479309;1.349317073822022;0;0
12489;2526;-0.1064415201544762;1.999867558479309;1.045006632804871;0;0
12489;2527;-0.08703302592039108;1.999867558479309;0.7034661173820496;0;0
12499;2528;-0.07757291197776794;1.674989104270935;0.4268036186695099;0;0
12499;2529;-0.03356814011931419;1.389049530029297;0.2365638166666031;0;0
12511;2530;0.05749306455254555;1.289626836776733;0.2513948380947113;0;0
12523;2531;0.1624697893857956;1.370800614356995;0.5333061814308167;0;0
12523;2532;0.2977798879146576;1.586918354034424;0.886198878288269;0;0
12524;2533;0.4295500814914703;1.797238111495972;1.001368045806885;0;0
12524;2534;0.4972967207431793;1.944388508796692;0.9352693557739258;0;0
12545;2535;0.420700341463089;1.947989463806152;0.8729546666145325;0;0
12546;2536;0.2716577649116516;1.810360074043274;0.7084708213806152;0;0
12546;2537;0.1610660254955292;1.63251006603241;0.4734328091144562;0;0
12546;2538;0.1157185211777687;1.479256272315979;0.2451084405183792;0;0
12547;2539;0.1269485950469971;1.365185737609863;0.040892094373703;0;0
12571;2540;0.1680237799882889;1.274612665176392;-0.1123617142438889;0;0
12571;2541;0.2097703516483307;1.204791069030762;-0.1863947212696075;0;0
12572;2542;0.2474277019500732;1.145955204963684;-0.2035449743270874;0;0
12572;2543;0.2814230620861054;1.11415708065033;-0.1740660518407822;0;0
12572;2544;0.3007705211639404;1.11311948299408;-0.1071739122271538;0;0
12649;2545;0.3060804009437561;1.132894158363342;-0.02740380726754665;0;0
12649;2546;0.3078503310680389;1.155476331710815;0.0306385550647974;0;0
12650;2547;0.3109630346298218;1.166889548301697;0.06359636038541794;0;0
12650;2548;0.3160897791385651;1.161396622657776;0.09801896661520004;0;0
12650;2549;0.312549889087677;1.145527958869934;0.1700378805398941;0;0
12651;2550;0.312549889087677;1.145527958869934;0.1700378805398941;0;0
12652;2551;0.2874653041362763;1.174030303955078;0.1820613741874695;0;0
12653;2552;0.2554230093955994;1.219805002212524;0.1699768453836441;0;0
12653;2553;0.2144088447093964;1.256608009338379;0.1544744670391083;0;0
12654;2554;0.1844416558742523;1.243363857269287;0.1285964846611023;0;0
12654;2555;0.1489204615354538;1.202166557312012;0.1383617669343948;0;0
12654;2556;0.09325838834047318;1.144124269485474;0.1858454197645187;0;0
12655;2557;0.02856343239545822;1.077659249305725;0.228690579533577;0;0
12655;2558;-0.03594842553138733;1.012964367866516;0.2471835613250732;0;0
12656;2559;-0.09112223982810974;0.9536402821540833;0.2526765167713165;0;0
12656;2560;-0.1399486213922501;0.8921191096305847;0.2402868270874023;0;0
12660;2561;-0.1841364949941635;0.8430485725402832;0.232291504740715;0;0
12660;2562;-0.2233196496963501;0.7792690992355347;0.2544465065002441;0;0
12681;2563;-0.2567046880722046;0.7181140184402466;0.2802634239196777;0;0
12681;2564;-0.2937517166137695;0.6827759146690369;0.2999770641326904;0;0
12681;2565;-0.3278691470623016;0.6368180513381958;0.2217938452959061;0;0
12682;2566;-0.3278691470623016;0.6368180513381958;0.2217938452959061;0;0
12696;2567;-0.323596864938736;0.6197288632392883;0.1670472621917725;0;0
12696;2568;-0.311939537525177;0.5978180170059204;0.1372021287679672;0;0
12697;2569;-0.2634793519973755;0.557475209236145;0.1235917806625366;0;0
12713;2570;-0.2214276492595673;0.5474047660827637;0.1115072518587112;0;0
12714;2571;-0.178582489490509;0.542705237865448;0.09319736063480377;0;0
12715;2572;-0.1370800733566284;0.5492967963218689;0.07732877880334854;0;0
12715;2573;-0.1100424602627754;0.5837804675102234;0.0610329806804657;0;0
12725;2574;-0.08300484716892242;0.6461561322212219;0.05279352143406868;0;0
12726;2575;-0.05315972864627838;0.7220811247825623;0.05163389816880226;0;0
12733;2576;-0.0167840700596571;0.7971517443656921;0.06066678091883659;0;0
12739;2577;0.01892022229731083;0.870513379573822;0.07769497483968735;0;0
12739;2578;0.05932405218482018;0.9354524612426758;0.1093710958957672;0;0
12765;2579;0.09551660716533661;0.9908704161643982;0.1395213901996613;0;0
12767;2580;0.1278030574321747;1.04354190826416;0.1534979343414307;0;0
12767;2581;0.1630801111459732;1.083396315574646;0.1609439700841904;0;0
12768;2582;0.2001271396875382;1.11226499080658;0.1660707294940949;0;0
12769;2583;0.232169434428215;1.132344841957092;0.1641176789999008;0;0
12769;2584;0.2549347579479218;1.137349486351013;0.1638735383749008;0;0
12784;2585;0.2683009803295136;1.132344841957092;0.1574650853872299;0;0
12784;2586;0.2755638957023621;1.120748519897461;0.1494087278842926;0;0
12784;2587;0.2770897150039673;1.103659391403198;0.1490425318479538;0;0
12792;2588;0.2747704684734345;1.082358837127686;0.146540179848671;0;0
12793;2589;0.2691554427146912;1.060570001602173;0.1536200046539307;0;0
12803;2590;0.2542633712291718;1.04305362701416;0.1625918596982956;0;0
12803;2591;0.2331459671258926;1.031274199485779;0.1696716845035553;0;0
12810;2592;0.2088548392057419;1.030724883079529;0.1576481908559799;0;0
12816;2593;0.1882257014513016;1.028649806976318;0.1354321837425232;0;0
12827;2594;0.1661317646503449;1.024499535560608;0.1083335429430008;0;0
12827;2595;0.1408030837774277;1.022241353988648;0.08672786504030228;0;0
12828;2596;0.1158405914902687;1.019983053207398;0.07189685106277466;0;0
12834;2597;0.09734760224819183;1.015954971313477;0.06445082277059555;0;0
12840;2598;0.0811128243803978;1.007776498794556;0.06255879998207092;0;0
12845;2599;0.06750247627496719;0.9992318749427795;0.06976069509983063;0;0
12851;2600;0.05633343756198883;0.9863539338111877;0.08416447043418884;0;0
12853;2601;0.04540853574872017;0.9727436304092407;0.1019250750541687;0;0
12862;2602;0.03460569679737091;0.9603539109230042;0.1232866197824478;0;0
12863;2603;0.02508455328643322;0.952541708946228;0.1478829085826874;0;0
12870;2604;0.01702820137143135;0.9446074366569519;0.1586247086524963;0;0
12887;2605;0.009093914180994034;0.9468656182289124;0.1588688492774963;0;0
12888;2606;0.005492968019098043;0.9554101824760437;0.1591740101575851;0;0
12890;2607;0.0009765276336111128;0.9688985943794251;0.1570988893508911;0;0
12890;2608;0.0004272308433428407;0.9807389378547669;0.1512397229671478;0;0
12898;2609;-0.005004704464226961;0.9884291291236877;0.1370190382003784;0;0
12898;2610;-0.01385448593646288;0.9938609600067139;0.121882863342762;0;0
12909;2611;-0.02838033437728882;0.9986215829849243;0.1021081730723381;0;0
12909;2612;-0.04357754811644554;1.000696778297424;0.08068560063838959;0;0
12924;2613;-0.05706583335995674;0.9966685175895691;0.06377945840358734;0;0
12925;2614;-0.06982172280550003;0.988001823425293;0.04858225211501122;0;0
12925;2615;-0.07787808030843735;0.9822037220001221;0.04156345874071121;0;0
12926;2616;-0.0815400555729866;0.9775651693344116;0.03832871094346046;0;0
12935;2617;-0.0816621258854866;0.9775651693344116;0.03588739037513733;0;0
12937;2618;-0.07854944467544556;0.9767717719078064;0.03692495077848434;0;0
12950;2619;-0.07391093671321869;0.9806778430938721;0.04015969857573509;0;0
12951;2620;-0.07201891392469406;0.9812882542610169;0.04638506472110748;0;0
12973;2621;-0.06652595102787018;0.9833022952079773;0.0543803833425045;0;0
12974;2622;-0.05578414350748062;0.9836074113845825;0.06744144111871719;0;0
12974;2623;-0.03967143595218658;0.9837905764579773;0.07787808030843735;0;0
12974;2624;-0.02508455328643322;0.986842155456543;0.09386871755123138;0;0
12975;2625;-0.007201891392469406;0.9988046884536743;0.08562926948070526;0;0
12993;2626;0.01257279329001904;1.004602909088135;0.0884367823600769;0;0
12996;2627;0.03057752177119255;1.001429080963135;0.09569970518350601;0;0
12996;2628;0.04693435877561569;1.005396246910095;0.0949062779545784;0;0
12997;2629;0.05694376677274704;1.009485483169556;0.094845250248909;0;0
12997;2630;0.06609871983528137;1.012598156929016;0.08709406107664108;0;0
13011;2631;0.07238511741161346;1.013086438179016;0.07854944467544556;0;0
13012;2632;0.0746433287858963;1.012842297554016;0.0745823010802269;0;0
13012;2633;0.07726775109767914;1.011987805366516;0.07195788621902466;0;0
13022;2634;0.07708464562892914;1.010706067085266;0.06847900152206421;0;0
13023;2635;0.07195788621902466;1.009241342544556;0.06469495594501495;0;0
13032;2636;0.0676245391368866;1.007105112075806;0.05480761453509331;0;0
13032;2637;0.05975128710269928;1.007044196128845;0.05212216079235077;0;0
13039;2638;0.05138976499438286;1.007105112075806;0.05016910657286644;0;0
13051;2639;0.04333341494202614;1.006555914878845;0.05132873356342316;0;0
13052;2640;0.03619255870580673;1.002710819244385;0.05468554794788361;0;0
13053;2641;0.03002822585403919;1.002466678619385;0.05871372297406197;0;0
13062;2642;0.02337563037872315;1.003382205963135;0.06518321484327316;0;0
13063;2643;0.01769956387579441;1.004969000816345;0.06939449906349182;0;0
13074;2644;0.01147420052438974;1.005884528160095;0.07336164265871048;0;0
13074;2645;0.007079825270920992;1.005762457847595;0.07403299957513809;0;0
13075;2646;0.005370902363210917;1.005762457847595;0.07287337630987167;0;0
13085;2647;0.003600945696234703;1.005274176597595;0.07531469315290451;0;0
13086;2648;0.00189202232286334;1.004724860191345;0.07317854464054108;0;0
13100;2649;0.0005492967902682722;1.004907965660095;0.07378887385129929;0;0
13102;2650;-0.0008544616866856813;1.003015875816345;0.06567148864269257;0;0
13104;2651;-0.004150242544710636;0.9958140254020691;0.06408462673425674;0;0
13105;2652;-0.007079825270920992;0.9862318634986877;0.07220201939344406;0;0
13121;2653;-0.01434274949133396;0.9946544766426086;0.0546245165169239;0;0
13122;2654;-0.01800472848117352;0.9961802363395691;0.04394374415278435;0;0
13123;2655;-0.01892022229731083;0.9942882657051086;0.04571370035409927;0;0
13124;2656;-0.01873712427914143;0.990748405456543;0.04144139215350151;0;0
13138;2657;-0.01647890545427799;0.9912976026535034;0.03900007158517838;0;0
13140;2658;-0.01263382658362389;0.9915418028831482;0.03832871094346046;0;0
13140;2659;-0.009643210098147392;0.989588737487793;0.033934336155653;0;0
13154;2660;-0.003784044645726681;0.988551139831543;0.03027235716581345;0;0
13155;2661;0.0042112753726542;0.9848281741142273;0.02545075118541718;0;0
13155;2662;0.01232866197824478;0.9845229983329773;0.02215497009456158;0;0
13164;2663;0.01788266189396381;0.9851943850517273;0.01995778456330299;0;0
13165;2664;0.0236197616904974;0.9884291291236877;0.01476997975260019;0;0
13182;2665;0.02899066358804703;0.9941661953926086;0.01226762868463993;0;0
13183;2666;0.0336902029812336;0.9923352003097534;0.01025354024022818;0;0
13184;2667;0.03814560920000076;0.9970347285270691;0.004638506565243006;0;0
13184;2668;0.04015969857573509;0.9959971308708191;0.00726292422041297;0;0
13196;2669;0.03906110301613808;0.9977670907974243;0.00915494654327631;0;0
13197;2670;0.03655875474214554;1.004480719566345;0.0136713869869709;0;0
13204;2671;0.03051649034023285;1.006067633628845;0.01623477227985859;0;0
13205;2672;0.02612211368978024;1.008203744888306;0.01330519001930952;0;0
13212;2673;0.02825826779007912;1.016443252563477;0.01672303676605225;0;0
13217;2674;0.02111741155385971;1.011621594429016;0.01409861817955971;0;0
13218;2675;0.007446023635566235;1.004419803619385;0.01269485894590616;0;0
13226;2676;-0.007079825270920992;0.9999642968177795;0.01074180472642183;0;0
13234;2677;-0.02020191587507725;0.9947765469551086;0.01281692553311586;0;0
13235;2678;-0.01959158666431904;0.9908093214035034;0.0132441557943821;0;0
13242;2679;-0.02856343239545822;0.989588737487793;0.01104696933180094;0;0
13249;2680;-0.04437097534537315;0.9847061038017273;0.007507056463509798;0;0
13250;2681;-0.0541972853243351;0.9830582141876221;0.009887342341244221;0;0
13260;2682;-0.05926301702857018;0.9815934300422669;0.01208452973514795;0;0
13261;2683;-0.06170434132218361;0.9844008684158325;0.006225363817065954;0;0
13263;2684;-0.06445082277059555;0.9876356720924377;0.0003051648673135787;0;0
13280;2685;-0.06945552676916122;0.9873915314674377;-0.007751188240945339;0;0
13282;2686;-0.07330060750246048;0.9918469190597534;-0.008117386139929295;0;0
13282;2687;-0.07958700507879257;0.9949596524238586;-0.009521144442260265;0;0
13283;2688;-0.08001423627138138;0.9952647686004639;-0.003967143595218658;0;0
13291;2689;-0.06860106438398361;0.9992318749427795;0.00561503367498517;0;0
13299;2690;-0.07940390706062317;0.9936779737472534;0.002075121272355318;0;0
13299;2691;-0.08465274423360825;0.9923961758613586;0.001342725590802729;0;0
13305;2692;-0.09051190316677094;0.9891614317893982;0.002197187161073089;0;0
13317;2693;-0.09368561953306198;0.9850722551345825;0.001953055267222226;0;0
13317;2694;-0.09136637300252914;0.987513542175293;0.007384989876300097;0;0
13318;2695;-0.08025836944580078;0.9943492412567139;0.007323957048356533;0;0
13325;2696;-0.07586398720741272;0.9981943964958191;0.01312208920717239;0;0
13333;2697;-0.07110341638326645;1.004297614097595;0.01818782836198807;0;0
13333;2698;-0.06939449906349182;1.006738901138306;0.01989675126969814;0;0
13342;2699;-0.06756351143121719;1.009973764419556;0.01904228888452053;0;0
13342;2700;-0.06426772475242615;1.013818740844727;0.01275589223951101;0;0
13355;2701;-0.06164330989122391;1.014123916625977;0.004577473271638155;0;0
13355;2702;-0.05785926058888435;1.014063000679016;-0.0004882638168055564;0;0
13356;2703;-0.0545634850859642;1.017907977104187;-0.006225363817065954;0;0
13363;2704;-0.05322076007723808;1.015527725219727;-0.0005492967902682722;0;0
13370;2705;-0.05077943578362465;1.013818740844727;-0.002990615786984563;0;0
13371;2706;-0.05261042341589928;1.015039443969727;-0.004577473271638155;0;0
13378;2707;-0.04937567934393883;1.012170910835266;-0.001769956317730248;0;0
13394;2708;-0.04839915037155151;1.010889172554016;-0.005370902363210917;0;0
13396;2709;-0.04687332734465599;1.012170910835266;-0.006225363817065954;0;0
13396;2710;-0.04699539393186569;1.013208508491516;-0.01129110064357519;0;0
13396;2711;-0.04351651296019554;1.014795303344727;-0.01910332217812538;0;0
13405;2712;-0.04284515231847763;1.016565322875977;-0.02038501389324665;0;0
13412;2713;-0.04119725897908211;1.016748428344727;-0.02325356565415859;0;0
13412;2714;-0.03857284039258957;1.015710830688477;-0.02307046577334404;0;0
13418;2715;-0.03661978617310524;1.015466690063477;-0.02288736775517464;0;0
13428;2716;-0.03790147975087166;1.012720227241516;-0.02142257615923882;0;0
13428;2717;-0.03625359013676643;1.008753061294556;-0.02093431167304516;0;0
13431;2718;-0.03710805252194405;1.005091071128845;-0.02410802617669106;0;0
13438;2719;-0.03924420475959778;0.9986826181411743;-0.02203290536999703;0;0
13443;2720;-0.0405869297683239;0.9983164072036743;-0.02258220128715038;0;0
13454;2721;-0.0410141609609127;0.9942882657051086;-0.02032398246228695;0;0
13455;2722;-0.04327238351106644;0.9921520948410034;-0.01849299296736717;0;0
13455;2723;-0.04711746051907539;0.9938609600067139;-0.01293899118900299;0;0
13462;2724;-0.04943671450018883;0.9966075420379639;-0.01104696933180094;0;0
13469;2725;-0.04876535013318062;0.9977061152458191;-0.01702820137143135;0;0
13470;2726;-0.04833811894059181;0.9988046884536743;-0.01721129938960075;0;0
13479;2727;-0.04870431870222092;1.002283573150635;-0.01904228888452053;0;0
13482;2728;-0.04669022932648659;1.002771854400635;-0.01629580371081829;0;0
13487;2729;-0.04534750431776047;1.002161502838135;-0.008605649694800377;0;0
13494;2730;-0.04321134835481644;1.002466678619385;-0.007690155413001776;0;0
13495;2731;-0.04412684217095375;1.000147461891174;-0.005737100262194872;0;0
13502;2732;-0.04498130455613136;0.9972788095474243;-0.007018792442977428;0;0
13509;2733;-0.04711746051907539;0.9939830899238586;-0.01245072763413191;0;0
13510;2734;-0.04992497712373734;0.9945934414863586;-0.01782162860035896;0;0
13515;2735;-0.05132873356342316;0.9956310391426086;-0.0167840700596571;0;0
13525;2736;-0.05175596475601196;0.9939220547676086;-0.02123947627842426;0;0
13525;2737;-0.05169492959976196;0.9967905282974243;-0.02435215935111046;0;0
13530;2738;-0.05395315587520599;0.9980112314224243;-0.02514558658003807;0;0
13535;2739;-0.05200009420514107;0.9991098046302795;-0.02532868646085262;0;0
13541;2740;-0.04992497712373734;1.002649784088135;-0.02569488249719143;0;0
13551;2741;-0.04455407336354256;1.005152106285095;-0.02368079498410225;0;0
13551;2742;-0.04516440257430077;1.006250619888306;-0.02032398246228695;0;0
13561;2743;-0.04339444637298584;1.005396246910095;-0.02838033437728882;0;0
13561;2744;-0.04803295433521271;1.003565311431885;-0.04412684217095375;0;0
13569;2745;-0.05163389816880226;0.9968516230583191;-0.06023954972624779;0;0
13570;2746;-0.05566207692027092;0.9946544766426086;-0.06750247627496719;0;0
13578;2747;-0.05804235860705376;0.9936779737472534;-0.07171374559402466;0;0
13579;2748;-0.05828649178147316;0.9900159239768982;-0.07183580845594406;0;0
13584;2749;-0.05907991901040077;0.9918469190597534;-0.06298603117465973;0;0
13593;2750;-0.05700480192899704;0.9915418028831482;-0.05077943578362465;0;0
13594;2751;-0.05730996653437614;0.9939220547676086;-0.03289677575230598;0;0
13601;2752;-0.05737099796533585;1.004602909088135;-0.00189202232286334;0;0
13604;2753;-0.05950715765357018;1.014734268188477;0.009093914180994034;0;0
13611;2754;-0.06420668959617615;1.018823504447937;-0.002868550131097436;0;0
13618;2755;-0.07183580845594406;1.017358660697937;-0.02069017849862576;0;0
13630;2756;-0.08056353032588959;1.015771865844727;-0.03539912775158882;0;0
13631;2757;-0.08770439028739929;1.011743664741516;-0.03588739037513733;0;0
13631;2758;-0.09112223982810974;1.016870379447937;-0.02905169688165188;0;0
13640;2759;-0.09032880514860153;1.026147365570068;-0.01342725567519665;0;0
13640;2760;-0.08776542544364929;1.0368891954422;-0.002136154333129525;0;0
13646;2761;-0.08318794518709183;1.04335880279541;-0.003295780625194311;0;0
13655;2762;-0.08056353032588959;1.04232120513916;-0.001769956317730248;0;0
13655;2763;-0.07806117832660675;1.04073429107666;0.01635683700442314;0;0
13662;2764;-0.07250718027353287;1.037194490432739;0.03436156734824181;0;0
13675;2765;-0.0750095322728157;1.020837545394898;0.01556340977549553;0;0
13678;2766;-0.0750095322728157;1.020837545394898;0.01556340977549553;0;0
13679;2767;-0.07800014317035675;1.003382205963135;-0.001342725590802729;0;0
13680;2768;-0.08526307344436646;0.9825088977813721;-0.007690155413001776;0;0
13683;2769;-0.08996260911226273;0.9658468365669251;0.002014088211581111;0;0
13693;2770;-0.08929124474525452;0.9524806141853333;0.01513617858290672;0;0
13694;2771;-0.08556823432445526;0.9407622814178467;0.01837092638015747;0;0
13710;2772;-0.08099076151847839;0.9318515062332153;0.01196246314793825;0;0
13710;2773;-0.07690154761075974;0.9303867220878601;0.003661978524178267;0;0
13711;2774;-0.07043205201625824;0.9327059984207153;-0.0014647914795205;0;0
13720;2775;-0.05529587715864182;0.9361238479614258;0.004150242544710636;0;0
13720;2776;-0.04186862334609032;0.9341707825660706;0.008361518383026123;0;0
13729;2777;-0.03552119061350822;0.936673104763031;0.01391551923006773;0;0
13729;2778;-0.03265264257788658;0.9411895871162415;0.02630521170794964;0;0
13741;2779;-0.0303333904594183;0.9512600302696228;0.02783103846013546;0;0
13742;2780;-0.03283574432134628;0.9590111374855042;0.03155405074357987;0;0
13743;2781;-0.04650713130831718;0.9805558323860169;0.04150242358446121;0;0
13755;2782;-0.04650713130831718;0.9805558323860169;0.04150242358446121;0;0
13756;2783;-0.0541362538933754;0.9877577424049377;0.05273249000310898;0;0
13770;2784;-0.05163389816880226;0.9983164072036743;0.07653535157442093;0;0
13771;2785;-0.04461510479450226;0.9986215829849243;0.07146961241960526;0;0
13774;2786;-0.03875593841075897;0.9970347285270691;0.05175596475601196;0;0
13774;2787;-0.0340564027428627;0.9926403760910034;0.02844136767089367;0;0
13789;2788;-0.0340564027428627;0.9836074113845825;0.01824886165559292;0;0
13789;2789;-0.03845077380537987;0.9770768880844116;0.01489204727113247;0;0
13790;2790;-0.04333341494202614;0.9670065045356751;0.02264323458075523;0;0
13799;2791;-0.04858225211501122;0.9596825242042542;0.03533809259533882;0;0
13800;2792;-0.05846958979964256;0.9562036395072937;0.0545024499297142;0;0
13801;2793;-0.06591562181711197;0.9602928161621094;0.0609719455242157;0;0
13810;2794;-0.06445082277059555;0.9662130475044251;0.0612160786986351;0;0
13817;2795;-0.05645550414919853;0.9707294702529907;0.06194847449660301;0;0
13817;2796;-0.04162449017167091;0.9721332788467407;0.06927242875099182;0;0
13829;2797;-0.01812679506838322;0.972560465335846;0.08544617146253586;0;0
13830;2798;0.00494367117062211;0.9685932993888855;0.09923962503671646;0;0
13831;2799;0.02764793857932091;0.9680441021919251;0.09801896661520004;0;0
13836;2800;0.0540752224624157;0.9584619402885437;0.08337104320526123;0;0
13842;2801;0.06890623271465302;0.9388703107833862;0.07275131344795227;0;0
13848;2802;0.08697199076414108;0.9157997965812683;0.05853062495589256;0;0
13857;2803;0.1172443479299545;0.8859546780586243;0.06237570196390152;0;0
13858;2804;0.1538641303777695;0.8514710664749146;0.07909873872995377;0;0
13876;2805;0.1949393302202225;0.8186352849006653;0.09100016951560974;0;0
13876;2806;0.230338454246521;0.7925131916999817;0.1030846983194351;0;0
13877;2807;0.2582915425300598;0.7724944353103638;0.1271927207708359;0;0
13877;2808;0.2706202268600464;0.7529028058052063;0.1329298317432404;0;0
13885;2809;0.2675685882568359;0.7408182621002197;0.1408641040325165;0;0
13886;2810;0.245169460773468;0.7417948246002197;0.1679017245769501;0;0
13901;2811;0.2171553373336792;0.7520483732223511;0.1810238063335419;0;0
13902;2812;0.1884088069200516;0.7817103862762451;0.1880426108837128;0;0
13902;2813;0.1721130013465881;0.8179029822349548;0.1986623406410217;0;0
13920;2814;0.1576481908559799;0.8418889045715332;0.2224652022123337;0;0
13920;2815;0.1444040387868881;0.8612363338470459;0.2467563152313232;0;0
13920;2816;0.1325636357069016;0.8816213607788086;0.2770897150039673;0;0
13921;2817;0.1209063306450844;0.9001144170761108;0.3013198375701904;0;0
13942;2818;0.1114462167024612;0.9284946322441101;0.3079113662242889;0;0
13942;2819;0.09844619780778885;0.9688985943794251;0.3029676973819733;0;0
13943;2820;0.09856826066970825;0.9934337735176086;0.3157235980033875;0;0
13943;2821;0.09368561953306198;1.023584008216858;0.312061607837677;0;0
13958;2822;0.09295322746038437;1.053551197052002;0.3161508440971375;0;0
13959;2823;0.1022912710905075;1.064720273017883;0.3265874683856964;0;0
13960;2824;0.1246903762221336;1.051903367042542;0.3297001421451569;0;0
13960;2825;0.1542303264141083;1.019799947738648;0.3269536793231964;0;0
13984;2826;0.1809017360210419;0.9818375110626221;0.3339724540710449;0;0
13985;2827;0.2081834971904755;0.9371004104614258;0.3482541739940643;0;0
13985;2828;0.2305825799703598;0.8932176232337952;0.3455076813697815;0;0
13986;2829;0.2493807524442673;0.838532030582428;0.368272989988327;0;0
13986;2830;0.2659206688404083;0.7815272808074951;0.390366941690445;0;0
14002;2831;0.2753807902336121;0.7449685335159302;0.4037331640720367;0;0
14003;2832;0.2847798764705658;0.7251938581466675;0.4100195467472076;0;0
14003;2833;0.286183625459671;0.7303206324577332;0.3951885104179382;0;0
14041;2834;0.2831319868564606;0.7543065547943115;0.3718129098415375;0;0
14041;2835;0.2959488928318024;0.7656587362289429;0.3466062843799591;0;0
14042;2836;0.3091320395469666;0.7692596316337585;0.3304325342178345;0;0
14043;2837;0.3129160702228546;0.774203360080719;0.3213386237621307;0;0
14043;2838;0.3202400207519531;0.7738370895385742;0.3172494173049927;0;0
14044;2839;0.3209114074707031;0.7850061655044556;0.3279912173748016;0;0
14044;2840;0.3212775886058807;0.7983113527297974;0.342272937297821;0;0
14045;2841;0.3413574397563934;0.803621232509613;0.3390992283821106;0;0
14045;2842;0.3776720762252808;0.8102127909660339;0.3204231262207031;0;0
14058;2843;0.420212060213089;0.826752781867981;0.3030287325382233;0;0
14059;2844;0.4661088883876801;0.8329780697822571;0.3061414062976837;0;0
14059;2845;0.5035831332206726;0.8360907435417175;0.3400147259235382;0;0
14072;2846;0.5171934366226196;0.8316963911056519;0.3880476951599121;0;0
14072;2847;0.4964422285556793;0.8318794965744019;0.4385219514369965;0;0
14084;2848;0.4581745564937592;0.8268137574195862;0.4579304456710815;0;0
14085;2849;0.4104467630386353;0.8179029822349548;0.4675126075744629;0;0
14085;2850;0.3704091310501099;0.803438127040863;0.4896675944328308;0;0
14094;2851;0.3509396314620972;0.7908653020858765;0.5394094586372376;0;0
14095;2852;0.3491086363792419;0.7917197942733765;0.557108998298645;0;0
14110;2853;0.368334025144577;0.8007526993751526;0.5223812460899353;0;0
14111;2854;0.3914044797420502;0.8155837059020996;0.5095643401145935;0;0
14111;2855;0.3987284302711487;0.8277902603149414;0.5230526328086853;0;0
14129;2856;0.3884138762950897;0.8470156192779541;0.5507005453109741;0;0
14130;2857;0.3691884875297546;0.8767998218536377;0.5468555092811585;0;0
14130;2858;0.3500851690769196;0.9134195446968079;0.5109070539474487;0;0
14131;2859;0.3329959213733673;0.9518092274665833;0.4564046263694763;0;0
14140;2860;0.3298222124576569;0.9814713001251221;0.4362026751041412;0;0
14140;2861;0.3501462042331696;1.012537121772766;0.5089539885520935;0;0
14149;2862;0.4077003002166748;1.03756058216095;0.640541136264801;0;0
14149;2863;0.4680008590221405;1.060386896133423;0.721531867980957;0;0
14155;2864;0.5005925297737122;1.096884608268738;0.7004144787788391;0;0
14160;2865;0.4963201880455017;1.134419918060303;0.6478040218353272;0;0
14175;2866;0.4814281463623047;1.147236943244934;0.6232077479362488;0;0
14177;2867;0.4675736725330353;1.157246232032776;0.6146020889282227;0;0
14178;2868;0.4670853912830353;1.166523337364197;0.6012358665466309;0;0
14178;2869;0.486005574464798;1.156635999679565;0.6238180994987488;0;0
14188;2870;0.5203671455383301;1.139851927757263;0.6924801468849182;0;0
14188;2871;0.5492357611656189;1.11549973487854;0.7107290029525757;0;0
14196;2872;0.5529587864875794;1.096396327018738;0.6458509564399719;0;0
14204;2873;0.5442310571670532;1.070579528808594;0.5905551314353943;0;0
14204;2874;0.5395315289497376;1.031396269798279;0.5993438363075256;0;0
14210;2875;0.5442310571670532;1.03878128528595;0.6457288861274719;0;0
14216;2876;0.5691935420036316;1.098349452018738;0.7010858058929443;0;0
14220;2877;0.6001372337341309;1.19075345993042;0.7711516618728638;0;0
14223;2878;0.624184250831604;1.306777119636536;0.8090531229972839;0;0
14240;2879;0.6408462524414063;1.453988671302795;0.8340767025947571;0;0
14241;2880;0.6487805247306824;1.646059393882752;0.8994430303573608;0;0
14241;2881;0.6479260921478272;1.869501113891602;0.9704243540763855;0;0
14241;2882;0.6277241706848145;1.999867558479309;1.014429092407227;0;0
14252;2883;0.5972076654434204;1.999867558479309;1.023950338363648;0;0
14256;2884;0.5698038339614868;1.999867558479309;0.9825699329376221;0;0
14257;2885;0.5445362329483032;1.999867558479309;0.9322177767753601;0;0
14277;2886;0.5357474684715271;1.999867558479309;0.8772270083427429;0;0
14277;2887;0.5326347947120667;1.999867558479309;0.8074052333831787;0;0
14278;2888;0.5266535878181458;1.999867558479309;0.7455178499221802;0;0
14278;2889;0.5142028331756592;1.999867558479309;0.6929684281349182;0;0
14285;2890;0.4860666394233704;1.999867558479309;0.6429213881492615;0;0
14285;2891;0.4523154199123383;1.999867558479309;0.5810949802398682;0;0
14295;2892;0.4177096784114838;1.999867558479309;0.5227474570274353;0;0
14296;2893;0.3732166588306427;1.999867558479309;0.4420618712902069;0;0
14306;2894;0.3162118494510651;1.826289892196655;0.3663809597492218;0;0
14306;2895;0.2641507387161255;1.589359879493713;0.312610924243927;0;0
14312;2896;0.2214886695146561;1.370678663253784;0.2675685882568359;0;0
14320;2897;0.1826717108488083;1.179645419120789;0.228141263127327;0;0
14320;2898;0.1521552056074143;1.014307022094727;0.1863336861133575;0;0
14332;2899;0.1199298053979874;0.8722832798957825;0.1672913879156113;0;0
14333;2900;0.08715509623289108;0.7453957796096802;0.1757139414548874;0;0
14348;2901;0.05926301702857018;0.6301655173301697;0.1938407421112061;0;0
14348;2902;0.04125829413533211;0.513531506061554;0.2100754976272583;0;0
14349;2903;0.02648831158876419;0.3974467515945435;0.2211224734783173;0;0
14350;2904;0.008178418502211571;0.3021742701530457;0.2110520303249359;0;0
14374;2905;-0.005126770120114088;0.2086717486381531;0.1972585916519165;0;0
14375;2906;-0.01306105684489012;0.1220049262046814;0.1693054884672165;0;0
14376;2907;-0.01690613478422165;0.04302825033664703;0.109859362244606;0;0
14378;2908;-0.02581694908440113;-0.05004704371094704;0.0545634850859642;0;0
14379;2909;-0.04015969857573509;-0.137934535741806;0.02990616112947464;0;0
14392;2910;-0.05193906277418137;-0.1801693439483643;0.03661978617310524;0;0
14393;2911;-0.06261983513832092;-0.2187421917915344;0.06451185792684555;0;0
14393;2912;-0.07171374559402466;-0.2211224734783173;0.03472776338458061;0;0
14395;2913;-0.09350252151489258;-0.1457467526197434;-0.01702820137143135;0;0
14415;2914;-0.1481270343065262;-0.05615033954381943;-0.02648831158876419;0;0
14416;2915;-0.2020191550254822;0.004394374322146177;-0.07665742188692093;0;0
14416;2916;-0.2699488401412964;0.03808457776904106;-0.1287185400724411;0;0
14416;2917;-0.3290898203849793;0.05322076007723808;-0.1702820062637329;0;0
14429;2918;-0.3706532716751099;0.05755409598350525;-0.204887717962265;0;0
14430;2919;-0.3887190222740173;0.06622078269720078;-0.2374182790517807;0;0
14430;2920;-0.3796251118183136;0.07366680353879929;-0.260793924331665;0;0
14437;2921;-0.3408081531524658;0.06414566189050674;-0.2591460049152374;0;0
14446;2922;-0.2736108303070068;0.05224422737956047;-0.2369910478591919;0;0
14446;2923;-0.202263280749321;0.04156345874071121;-0.1956107020378113;0;0
14457;2924;-0.1300002336502075;0.03625359013676643;-0.1418406367301941;0;0
14458;2925;-0.07574192434549332;0.03985453397035599;-0.08056353032588959;0;0
14459;2926;-0.04394374415278435;0.04357754811644554;-0.01031457353383303;0;0
14469;2927;-0.04363857954740524;0.04211275279521942;0.05956818908452988;0;0
14469;2928;-0.06658697873353958;0.0404038317501545;0.1242631450295448;0;0
14482;2929;-0.1107138246297836;0.03918317332863808;0.1780331879854202;0;0
14483;2930;-0.1649111062288284;0.03887800499796867;0.2085496932268143;0;0
14484;2931;-0.2210614532232285;0.04424890875816345;0.228812649846077;0;0
14496;2932;-0.2627469599246979;0.04424890875816345;0.2153243571519852;0;0
14497;2933;-0.282643735408783;0.04681229591369629;0.1619204878807068;0;0
14498;2934;-0.2782493531703949;0.03900007158517838;0.08349311351776123;0;0
14511;2935;-0.256582647562027;0.02007984928786755;-0.01885919086635113;0;0
14512;2936;-0.2211224734783173;-0.01019250694662333;-0.1171833127737045;0;0
14523;2937;-0.1789486855268478;-0.04931464791297913;-0.2029956877231598;0;0
14523;2938;-0.1321974396705627;-0.09234289824962616;-0.2625638842582703;0;0
14524;2939;-0.09978891909122467;-0.122798353433609;-0.286427766084671;0;0
14534;2940;-0.08190625905990601;-0.1273758262395859;-0.2722070813179016;0;0
14534;2941;-0.06377945840358734;-0.1057091131806374;-0.2184980660676956;0;0
14547;2942;-0.03112681955099106;-0.07720671594142914;-0.1304274648427963;0;0
14548;2943;0.01342725567519665;-0.03057752177119255;-0.05822546035051346;0;0
14548;2944;0.0745823010802269;0.02477938868105412;-0.0100704412907362;0;0
14562;2945;0.122798353433609;0.08990157395601273;0.0303333904594183;0;0
14563;2946;0.1592960804700851;0.1520941853523254;0.05633343756198883;0;0
14564;2947;0.1805355399847031;0.1960989683866501;0.06146020814776421;0;0
14574;2948;0.1838313341140747;0.2236858606338501;0.05920198559761047;0;0
14574;2949;0.1696716845035553;0.2382727563381195;0.04473717138171196;0;0
14584;2950;0.1510566174983978;0.2380286306142807;0.03735218197107315;0;0
14585;2951;0.1341504901647568;0.2244182527065277;0.04113622754812241;0;0
14614;2952;0.1202349737286568;0.2084886431694031;0.06359636038541794;0;0
14615;2953;0.1040001884102821;0.1998219639062882;0.1063804849982262;0;0
14616;2954;0.08184522390365601;0.1904839277267456;0.1442819684743881;0;0
14616;2955;0.05309868603944778;0.1823665499687195;0.1718688756227493;0;0
14617;2956;0.0235587302595377;0.1676575839519501;0.1868829727172852;0;0
14617;2957;-0.01342725567519665;0.1445260941982269;0.1834041029214859;0;0
14618;2958;-0.05285455659031868;0.1164509207010269;0.1647280007600784;0;0
14630;2959;-0.1008875146508217;0.09118327498435974;0.1361035406589508;0;0
14631;2960;-0.1543523967266083;0.06829590350389481;0.08929124474525452;0;0
14640;2961;-0.2184980660676956;0.05254939198493958;0.03954936936497688;0;0
14641;2962;-0.2755028605461121;0.03863387554883957;0.01953055150806904;0;0
14641;2963;-0.3144419193267822;0.03539912775158882;0.04607990011572838;0;0
14649;2964;-0.3374513387680054;0.04949774593114853;0.09594383835792542;0;0
14657;2965;-0.3327517807483673;0.08996260911226273;0.1284744143486023;0;0
14658;2966;-0.2872822284698486;0.1668031215667725;0.1723571270704269;0;0
14665;2967;-0.2152022868394852;0.2884418666362763;0.2676295936107636;0;0
14671;2968;-0.1307326406240463;0.471357673406601;0.4282073974609375;0;0
14672;2969;-0.04412684217095375;0.7287948131561279;0.6547617912292481;0;0
14683;2970;0.03301884233951569;1.092246174812317;0.9588280320167542;0;0
14685;2971;0.07110341638326645;1.596439599990845;1.162678241729736;0;0
14694;2972;0.2072679847478867;1.999867558479309;0.9112223386764526;0;0
14694;2973;0.3252447545528412;1.999867558479309;0.4367519915103912;0;0
14699;2974;0.4044045209884644;1.999867558479309;0.133845329284668;0;0
14700;2975;0.4867379665374756;1.999867558479309;0.1610049903392792;0;0
14706;2976;0.4709915220737457;1.999867558479309;0.445662796497345;0;0
14716;2977;0.4064796268939972;1.999867558479309;0.7136586308479309;0;0
14717;2978;0.4372402727603912;1.999867558479309;0.5549728274345398;0;0
14724;2979;0.4403529465198517;1.999867558479309;0.1362256109714508;0;0
14730;2980;0.4094702303409576;1.999867558479309;-0.2078783214092255;0;0
14736;2981;0.2899676859378815;1.301284193992615;-0.02105637639760971;0;0
14736;2982;0.2899676859378815;1.301284193992615;-0.02105637639760971;0;0
14745;2983;0.2761742472648621;1.171222805976868;0.2394934147596359;0;0
14746;2984;0.312122642993927;1.19160783290863;0.5664470791816711;0;0
14750;2985;0.3698598444461823;1.326307654380798;0.826386570930481;0;0
14757;2986;0.4241791963577271;1.524481654167175;0.7951986789703369;0;0
14763;2987;0.4255829751491547;1.746153473854065;0.5912874937057495;0;0
14766;2988;0.3774279356002808;1.965200901031494;0.4561604857444763;0;0
14784;2989;0.2831319868564606;1.999867558479309;0.4833812117576599;0;0
14784;2990;0.1492866575717926;1.999867558479309;0.5983062982559204;0;0
14785;2991;0.01452584844082594;1.999867558479309;0.721165657043457;0;0
14786;2992;-0.07592502236366272;1.999867558479309;0.757297158241272;0;0
14801;2993;-0.1182208731770515;1.999867558479309;0.7017571926116943;0;0
14802;2994;-0.135798379778862;1.953543543815613;0.5816442966461182;0;0
14802;2995;-0.1313429772853851;1.668275356292725;0.4535360634326935;0;0
14817;2996;-0.1170612499117851;1.424692869186401;0.364733099937439;0;0
14818;2997;-0.0681738406419754;1.087851762771606;0.2012867629528046;0;0
14818;2998;-0.0681738406419754;1.087851762771606;0.2012867629528046;0;0
14834;2999;-0.03326297551393509;0.989039421081543;0.1119344830513001;0;0
14835;3000;0.06487805396318436;0.9136026501655579;0.1137044355273247;0;0
14836;3001;0.1246293410658836;0.9251378774642944;0.2091600149869919;0;0
14836;3002;0.1948783099651337;0.9674947261810303;0.3035780191421509;0;0
14846;3003;0.2725122272968292;1.033105254173279;0.3700429499149323;0;0
14847;3004;0.3521602749824524;1.117635846138001;0.4008646011352539;0;0
14857;3005;0.4277191460132599;1.214434146881104;0.3747424781322479;0;0
14858;3006;0.4827708601951599;1.316908597946167;0.3303104639053345;0;0
14864;3007;0.527263879776001;1.404796123504639;0.2846578061580658;0;0
14865;3008;0.5489916205406189;1.467904210090637;0.232840821146965;0;0
14877;3009;0.5310479402542114;1.501594424247742;0.2050708085298538;0;0
14878;3010;0.471784919500351;1.497810244560242;0.2001271396875382;0;0
14879;3011;0.3843856751918793;1.453317284584045;0.2222821116447449;0;0
14886;3012;0.2958268225193024;1.353284239768982;0.2210614532232285;0;0
14894;3013;0.215263307094574;1.228837966918945;0.2090989798307419;0;0
14896;3014;0.1400096416473389;1.095908164978027;0.1971975564956665;0;0
14902;3015;0.06585458666086197;0.9685932993888855;0.1908501237630844;0;0
14903;3016;0.004760572221130133;0.8464664220809937;0.1799862533807755;0;0
14912;3017;-0.04437097534537315;0.7467995285987854;0.1722961068153381;0;0
14913;3018;-0.07909873872995377;0.662024736404419;0.1572209596633911;0;0
14920;3019;-0.1030846983194351;0.5990387201309204;0.1352490782737732;0;0
14926;3020;-0.1190143153071404;0.5618085265159607;0.1153523251414299;0;0
14933;3021;-0.1344556510448456;0.5299493074417114;0.09911755472421646;0;0
14934;3022;-0.1419627070426941;0.5081605911254883;0.09075604379177094;0;0
14942;3023;-0.1403148174285889;0.491437554359436;0.07610812038183212;0;0
14943;3024;-0.1374462693929672;0.4871652126312256;0.07049308717250824;0;0
14948;3025;-0.1290237158536911;0.4856393933296204;0.06652595102787018;0;0
14952;3026;-0.1116903498768807;0.4896675944328308;0.0610329806804657;0;0
14959;3027;-0.09185463190078735;0.4979070127010346;0.0545024499297142;0;0
14974;3028;-0.06738040596246719;0.5138976573944092;0.04650713130831718;0;0
14975;3029;-0.04290618374943733;0.5417287349700928;0.04675126075744629;0;0
14976;3030;-0.01788266189396381;0.5763344168663025;0.05492968112230301;0;0
14978;3031;0.01025354024022818;0.6165551543235779;0.07653535157442093;0;0
14987;3032;0.03924420475959778;0.6585458517074585;0.09264805912971497;0;0
14998;3033;0.06945552676916122;0.7089590430259705;0.1082725077867508;0;0
14998;3034;0.09612693637609482;0.7590060830116272;0.1251175999641419;0;0
14999;3035;0.1162678226828575;0.8097245097160339;0.1400706768035889;0;0
15016;3036;0.1319532990455627;0.855743408203125;0.1397044807672501;0;0
168;0;1.00390625;0.040771484375;0.20458984375;0;1
195;1;0.981689453125;0.040283203125;0.210205078125;0;1
218;2;0.981689453125;0.040283203125;0.210205078125;0;1
283;3;0.978271484375;0.04248046875;0.2099609375;0;1
304;4;0.978271484375;0.04248046875;0.2099609375;0;1
330;5;0.978271484375;0.04248046875;0.2099609375;0;1
384;6;0.983642578125;0.043212890625;0.19921875;0;1
435;7;0.979736328125;0.078125;0.20458984375;0;1
482;8;0.97802734375;0.079345703125;0.17919921875;0;1
549;9;1.00146484375;0.06640625;0.21044921875;0;1
581;10;0.987548828125;0.039306640625;0.20458984375;0;1
625;11;1.005126953125;0.04248046875;0.195556640625;0;1
684;12;0.983154296875;0.039306640625;0.1962890625;0;1
740;13;0.9814453125;0.044677734375;0.198974609375;0;1
782;14;1.00341796875;0.045654296875;0.197021484375;0;1
823;15;0.983642578125;0.054443359375;0.197998046875;0;1
872;16;1.000732421875;0.04248046875;0.198974609375;0;1
923;17;1.001708984375;0.044677734375;0.206298828125;0;1
982;18;0.982421875;0.043701171875;0.208251953125;0;1
1022;19;0.9833984375;0.040283203125;0.208740234375;0;1
1074;20;0.983154296875;0.03955078125;0.201416015625;0;1
1137;21;0.984130859375;0.04052734375;0.1982421875;0;1
1208;22;0.98291015625;0.03955078125;0.209228515625;0;1
1238;23;0.98291015625;0.03955078125;0.209228515625;0;1
1298;24;0.98095703125;0.039306640625;0.199462890625;0;1
1320;25;1.000244140625;0.05224609375;0.201416015625;0;1
1360;26;1.000244140625;0.053955078125;0.222900390625;0;1
1420;27;1.00048828125;0.054443359375;0.227294921875;0;1
1461;28;0.979736328125;0.031494140625;0.222900390625;0;1
1516;29;0.933837890625;0.03759765625;0.239990234375;0;1
1575;30;0.942626953125;0.036865234375;0.211669921875;0;1
1616;31;0.763916015625;-0.00341796875;0.190185546875;0;1
1661;32;0.747314453125;-0.015625;0.199951171875;0;1
1700;33;0.648193359375;0.025390625;0.177978515625;0;1
1747;34;0.72265625;0.03564453125;0.072021484375;0;1
1807;35;0.87353515625;0.06494140625;-0.011962890625;0;1
1852;36;1.017333984375;0.1318359375;-0.090576171875;0;1
1906;37;1.614013671875;0.01025390625;-0.079345703125;0;1
1947;38;2;0.10986328125;-0.162841796875;0;1
1993;39;2;0.00048828125;-0.21484375;0;1
2042;40;1.72998046875;0.015869140625;-0.0625;0;1
2093;41;0.072509765625;0.1982421875;0.093017578125;0;1
2144;42;-0.2275390625;-0.056884765625;0.06103515625;0;1
2191;43;-0.00244140625;-0.067626953125;0.0224609375;0;1
2240;44;-0.041259765625;0.042724609375;0.0029296875;0;1
2335;45;-0.009521484375;-0.019775390625;0.084716796875;0;1
2386;46;0.319091796875;0.073974609375;0.0078125;0;1
2431;47;2;-0.053955078125;-0.097900390625;0;1
2484;48;1.57568359375;-0.464599609375;0.583740234375;0;1
2532;49;1.814453125;0.177978515625;0.485107421875;0;1
2580;50;0.90283203125;0.060791015625;0.115966796875;0;1
2624;51;0.761474609375;-0.085205078125;0.18408203125;0;1
2675;52;0.841796875;-0.06005859375;0.1123046875;0;1
2729;53;0.94140625;0.034912109375;0.129150390625;0;1
2788;54;1.050048828125;-0.02099609375;0.23974609375;0;1
2819;55;0.983642578125;-0.01318359375;0.262939453125;0;1
2873;56;0.9453125;0.016357421875;0.189697265625;0;1
2925;57;0.9609375;0.031982421875;0.180419921875;0;1
2975;58;0.986572265625;0.02392578125;0.2041015625;0;1
3024;59;0.99609375;0.044921875;0.224365234375;0;1
3073;60;0.99560546875;0.044189453125;0.212646484375;0;1
3123;61;0.985595703125;0.02734375;0.2138671875;0;1
3173;62;0.979736328125;0.035400390625;0.201416015625;0;1
3217;63;1.002197265625;0.047607421875;0.234619140625;0;1
3264;64;0.99169921875;0.04833984375;0.215087890625;0;1
3316;65;0.94580078125;0.048095703125;0.22314453125;0;1
3360;66;0.94140625;0.043212890625;0.25146484375;0;1
3408;67;0.86376953125;0.049072265625;0.19580078125;0;1
3469;68;0.8310546875;-0.009765625;0.19921875;0;1
3509;69;0.80029296875;0.0322265625;0.226318359375;0;1
3573;70;0.720947265625;0.0224609375;0.1591796875;0;1
3679;71;0.837646484375;0.1005859375;-0.00634765625;0;1
3722;72;1.165283203125;0.039794921875;-0.026123046875;0;1
3776;73;1.48779296875;0.080078125;-0.08203125;0;1
3804;74;2;0.136474609375;0.02490234375;0;1
3826;75;2;0.136474609375;0.02490234375;0;1
3850;76;2;0.26806640625;-0.078857421875;0;1
3897;77;1.906494140625;0.06591796875;0.022705078125;0;1
3947;78;0.189453125;0.03662109375;-0.0791015625;0;1
4009;79;-0.267822265625;-0.09033203125;-0.03564453125;0;1
4054;80;0.0205078125;0.020751953125;0.07080078125;0;1
4095;81;-0.099365234375;0.0146484375;0.114990234375;0;1
4158;82;0.006591796875;0.055908203125;0.0283203125;0;1
4210;83;-0.052978515625;-0.05419921875;0.051025390625;0;1
4290;84;0.680419921875;0.172607421875;0.09814453125;0;1
4341;85;2;0.406982421875;-0.029052734375;0;1
4387;86;2;-0.08935546875;0.69091796875;0;1
4428;87;2;-0.07470703125;-0.068603515625;0;1
4512;88;1.071533203125;-0.017822265625;0.32080078125;0;1
4548;89;0.86376953125;0.03759765625;0.22509765625;0;1
4587;90;0.535888671875;-0.039306640625;0.060546875;0;1
4628;91;0.75048828125;0.066650390625;0.113525390625;0;1
4674;92;1.087158203125;0.049560546875;0.211181640625;0;1
4727;93;1.110595703125;0.0458984375;0.152099609375;0;1
4768;94;0.97314453125;0.063720703125;0.179931640625;0;1
4820;95;0.933349609375;0.04931640625;0.19482421875;0;1
4876;96;0.98486328125;0.048095703125;0.188232421875;0;1
4919;97;0.97802734375;0.068603515625;0.181396484375;0;1
4983;98;0.993408203125;0.0625;0.210205078125;0;1
5031;99;1.001953125;0.069091796875;0.18505859375;0;1
5092;100;0.986328125;0.055908203125;0.206787109375;0;1
5158;101;0.981689453125;0.02685546875;0.18212890625;0;1
5185;102;0.981689453125;0.02685546875;0.18212890625;0;1
5210;103;0.98095703125;0.02587890625;0.2080078125;0;1
5266;104;0.973876953125;0.037353515625;0.188720703125;0;1
5310;105;0.9853515625;0.01025390625;0.219970703125;0;1
5361;106;0.90625;0.0087890625;0.18212890625;0;1
5412;107;0.802001953125;0.027099609375;0.158935546875;0;1
5464;108;0.68603515625;0.060791015625;0.137939453125;0;1
5511;109;0.601806640625;0.0146484375;0.1240234375;0;1
5564;110;0.6953125;-0.018310546875;0.15380859375;0;1
5613;111;0.982421875;0.029052734375;0.1103515625;0;1
5663;112;1.12548828125;0.101318359375;-0.08837890625;0;1
5716;113;1.43212890625;-0.105224609375;-0.12255859375;0;1
5770;114;2;0.191162109375;-0.18115234375;0;1
5827;115;2;0.09423828125;-0.154052734375;0;1
5867;116;2;-0.003662109375;-0.06787109375;0;1
5895;117;0.4990234375;0.002685546875;-0.037841796875;0;1
5945;118;-0.504638671875;0.017822265625;0.04052734375;0;1
5984;119;-0.004150390625;0.03955078125;0.0615234375;0;1
6059;120;-0.030517578125;-0.040283203125;0.03515625;0;1
6093;121;-0.020751953125;0.025634765625;0.1142578125;0;1
6141;122;-0.03173828125;0.006103515625;0.0556640625;0;1
6245;123;0.2158203125;0.006103515625;0.174560546875;0;1
6284;124;2;-0.194091796875;0.05859375;0;1
6333;125;2;-0.234375;0.4609375;0;1
6383;126;1.8984375;0.25341796875;0.435791015625;0;1
6445;127;1.080810546875;0.00244140625;0.019775390625;0;1
6488;128;0.650390625;-0.169677734375;0.149169921875;0;1
6532;129;0.69287109375;-0.008544921875;0.138427734375;0;1
6581;130;0.8837890625;0.05078125;0.144287109375;0;1
6631;131;1.07177734375;0.15478515625;0.1162109375;0;1
6670;132;0.933349609375;0.088134765625;0.257080078125;0;1
6730;133;0.968994140625;0.055908203125;0.241943359375;0;1
6778;134;0.988037109375;0.074462890625;0.1865234375;0;1
6820;135;0.976806640625;0.06103515625;0.25341796875;0;1
6881;136;0.99072265625;0.08154296875;0.23095703125;0;1
6937;137;1.001953125;0.07080078125;0.209228515625;0;1
6971;138;0.98095703125;0.058837890625;0.220947265625;0;1
7021;139;0.971923828125;0.061767578125;0.22216796875;0;1
7066;140;1.001708984375;0.040771484375;0.255126953125;0;1
7113;141;0.990478515625;0.058837890625;0.216064453125;0;1
7171;142;0.981689453125;0.097900390625;0.211669921875;0;1
7219;143;0.981689453125;0.076416015625;0.2119140625;0;1
7263;144;0.9853515625;0.060546875;0.201904296875;0;1
7313;145;0.985107421875;0.044677734375;0.202392578125;0;1
7360;146;0.985107421875;0.0634765625;0.198974609375;0;1
7418;147;0.91650390625;0.043701171875;0.20263671875;0;1
7477;148;0.818603515625;0.043212890625;0.162353515625;0;1
7530;149;0.813720703125;0.033203125;0.118896484375;0;1
7564;150;0.951416015625;0.02880859375;0.193115234375;0;1
7603;151;0.856201171875;0.025390625;0.106201171875;0;1
7656;152;0.84423828125;0.0068359375;0.119140625;0;1
7697;153;0.869873046875;0.013427734375;0.05517578125;0;1
7750;154;0.948486328125;0.04345703125;-0.0224609375;0;1
7797;155;1.3525390625;0.058837890625;-0.057861328125;0;1
7849;156;1.337646484375;0.2470703125;-0.02734375;0;1
7891;157;2;-0.135009765625;0.290771484375;0;1
7933;158;2;0.208251953125;0.121826171875;0;1
8006;159;2;-0.001708984375;-0.087158203125;0;1
8070;160;0.002685546875;0.101318359375;0.13720703125;0;1
8113;161;-0.474365234375;0.019287109375;-0.140380859375;0;1
8183;162;0.142822265625;-0.009033203125;0.144775390625;0;1
8236;163;0.020751953125;0.0107421875;0.10302734375;0;1
8297;164;-0.017333984375;-0.0146484375;0.09423828125;0;1
8354;165;-0.098388671875;-0.123046875;-0.0302734375;0;1
8396;166;0.111083984375;0.243896484375;-0.027587890625;0;1
8432;167;2;0.201171875;0.46240234375;0;1
8485;168;2;0.142578125;0.4404296875;0;1
8524;169;2;0.24462890625;0.4599609375;0;1
8583;170;1.406005859375;0.209716796875;0.3486328125;0;1
8635;171;0.65673828125;0.057373046875;0.111328125;0;1
8671;172;0.496826171875;-0.082763671875;0.046142578125;0;1
8724;173;0.623779296875;0.0869140625;0.1025390625;0;1
8791;174;0.913818359375;0.10302734375;0.18310546875;0;1
8820;175;1.15673828125;0.03759765625;0.189208984375;0;1
8866;176;1.165283203125;0.0654296875;0.218017578125;0;1
8914;177;1.0224609375;0.02880859375;0.25732421875;0;1
8978;178;0.851806640625;0.0126953125;0.22705078125;0;1
9020;179;0.97021484375;-0.006591796875;0.20263671875;0;1
9065;180;1.07373046875;0.008544921875;0.2421875;0;1
9116;181;0.962890625;0.011474609375;0.253662109375;0;1
9158;182;0.95751953125;0.029541015625;0.240966796875;0;1
9217;183;0.976806640625;0.031494140625;0.19970703125;0;1
9271;184;0.9814453125;0.021240234375;0.23974609375;0;1
9313;185;0.962890625;0.009765625;0.22021484375;0;1
9356;186;0.97900390625;0.008544921875;0.197509765625;0;1
9409;187;0.9912109375;0.021240234375;0.19287109375;0;1
9459;188;0.94873046875;0.0302734375;0.15576171875;0;1
9521;189;0.91259765625;0.01025390625;0.181640625;0;1
9590;190;0.880859375;0.009033203125;0.1240234375;0;1
9616;191;0.880859375;0.009033203125;0.1240234375;0;1
9650;192;0.84375;0.003662109375;0.156982421875;0;1
9704;193;0.776611328125;0.00732421875;0.052001953125;0;1
9753;194;0.827880859375;0.017333984375;-0.005859375;0;1
9831;195;0.937744140625;0.0419921875;-0.01513671875;0;1
9888;196;1.331298828125;0.0615234375;-0.216064453125;0;1
9919;197;1.331298828125;0.0615234375;-0.216064453125;0;1
9946;198;1.952880859375;0.103759765625;0.097900390625;0;1
9990;199;2;0.04052734375;-0.281494140625;0;1
10041;200;2;0.220458984375;-0.234130859375;0;1
10091;201;0.636474609375;-0.0234375;0.15185546875;0;1
10202;202;-0.627197265625;-0.121337890625;-0.04052734375;0;1
10265;203;0.111572265625;0.01904296875;0.05078125;0;1
10320;204;-0.036376953125;-0.0537109375;0.022705078125;0;1
10355;205;0.062255859375;0.069091796875;0.070556640625;0;1
10374;206;0.017822265625;0.017822265625;0.08349609375;0;1
10437;207;-0.086181640625;-0.009765625;0.03369140625;0;1
10477;208;0.965087890625;0.35888671875;-0.0830078125;0;1
10523;209;2;0.73828125;-0.072265625;0;1
10581;210;2;-0.120361328125;0.499755859375;0;1
10631;211;1.727294921875;0.152587890625;0.181884765625;0;1
10685;212;1.06787109375;0.03369140625;0.149169921875;0;1
10725;213;0.609619140625;0.024658203125;0.078857421875;0;1
10785;214;0.475830078125;0.055419921875;0.036376953125;0;1
10830;215;0.783447265625;0.1318359375;0.070556640625;0;1
10892;216;1.311767578125;-0.02490234375;0.10205078125;0;1
10972;217;0.94287109375;0.012451171875;0.1787109375;0;1
11031;218;0.94580078125;-0.0078125;0.125;0;1
11064;219;1.0322265625;-0.0146484375;0.135498046875;0;1
11090;220;1.0322265625;-0.0146484375;0.135498046875;0;1
11117;221;0.979248046875;-0.000244140625;0.15576171875;0;1
11166;222;0.990478515625;0.00537109375;0.14892578125;0;1
11206;223;0.983154296875;-0.03271484375;0.206298828125;0;1
11256;224;0.983154296875;-0.00146484375;0.17138671875;0;1
11304;225;0.978515625;0.012451171875;0.162353515625;0;1
11354;226;0.97900390625;0.013427734375;0.1640625;0;1
11411;227;0.98291015625;0.0107421875;0.156982421875;0;1
11454;228;0.987548828125;0.037109375;0.15087890625;0;1
11508;229;0.92431640625;0.042236328125;0.1748046875;0;1
11558;230;0.8525390625;-0.00244140625;0.162109375;0;1
11610;231;0.741455078125;-0.00341796875;0.13623046875;0;1
11685;232;0.646728515625;0.04736328125;0.111328125;0;1
11746;233;0.799560546875;0.016845703125;-0.0263671875;0;1
11791;234;1.201904296875;-0.116943359375;-0.00146484375;0;1
11819;235;1.201904296875;-0.116943359375;-0.00146484375;0;1
11839;236;1.260986328125;0.0498046875;-0.120849609375;0;1
11889;237;1.674072265625;0.10546875;-0.1142578125;0;1
11949;238;2;0.041748046875;-0.0849609375;0;1
12001;239;2;0.025634765625;-0.147216796875;0;1
12085;240;1.943603515625;-0.15771484375;-0.12548828125;0;1
12151;241;-0.221923828125;0.1875;0.1328125;0;1
12184;242;-0.44189453125;0.00732421875;-0.11474609375;0;1
12239;243;0.049072265625;0.00390625;-0.03173828125;0;1
12279;244;0.060791015625;-0.14697265625;0.211181640625;0;1
12329;245;0.061767578125;0.1123046875;0.1728515625;0;1
12396;246;-0.13671875;-0.064697265625;-0.027587890625;0;1
12455;247;-0.0478515625;0.043701171875;-0.064453125;0;1
12528;248;2;0.357666015625;-0.107421875;0;1
12705;249;0.94775390625;0.03076171875;0.0986328125;0;1
12729;250;0.327392578125;-0.079345703125;0.017822265625;0;1
12789;251;0.633056640625;-0.02880859375;0.015380859375;0;1
12812;252;0.845703125;0.052978515625;0.064208984375;0;1
12836;253;0.845703125;0.052978515625;0.064208984375;0;1
12858;254;1.09326171875;0.00537109375;0.07421875;0;1
12901;255;1.09326171875;0.00537109375;0.07421875;0;1
12941;256;1.052001953125;-0.03076171875;0.127197265625;0;1
13015;257;0.966796875;-0.01123046875;0.16064453125;0;1
13044;258;0.966796875;-0.01123046875;0.16064453125;0;1
13090;259;0.988037109375;0.002685546875;0.157470703125;0;1
13146;260;1.005615234375;-0.00244140625;0.16259765625;0;1
13200;261;0.978515625;0.0244140625;0.20263671875;0;1
13219;262;0.978515625;0.0244140625;0.20263671875;0;1
13245;263;0.978515625;0.0244140625;0.20263671875;0;1
13294;264;0.982666015625;0.024658203125;0.224853515625;0;1
13329;265;0.982666015625;0.024658203125;0.224853515625;0;1
13365;266;0.964111328125;0.0126953125;0.197265625;0;1
13408;267;0.990966796875;0.025390625;0.23291015625;0;1
13458;268;0.9619140625;0.0263671875;0.196044921875;0;1
13505;269;0.96875;0.052978515625;0.21923828125;0;1
13557;270;1.005859375;0.027099609375;0.25048828125;0;1
13607;271;0.964599609375;0.01171875;0.241455078125;0;1
13650;272;0.95751953125;0.0126953125;0.254638671875;0;1
13714;273;0.867919921875;0.063720703125;0.192138671875;0;1
13761;274;0.958740234375;0.09814453125;0.211181640625;0;1
13804;275;0.830810546875;-0.006591796875;0.206787109375;0;1
13844;276;0.76025390625;0.005126953125;0.122314453125;0;1
13906;277;0.60693359375;-0.02099609375;-0.02392578125;0;1
14016;278;0.906982421875;0.036376953125;-0.079345703125;0;1
14078;279;1.10693359375;0.048583984375;-0.103515625;0;1
14151;280;1.124755859375;0.034423828125;-0.145263671875;0;1
14192;281;1.52978515625;-0.01025390625;-0.2060546875;0;1
14212;282;1.52978515625;-0.01025390625;-0.2060546875;0;1
14281;283;2;0.235107421875;-0.41162109375;0;1
14309;284;2;0.235107421875;-0.41162109375;0;1
14358;285;2;0.03466796875;-0.207763671875;0;1
14432;286;-0.65869140625;-0.024169921875;-0.017578125;0;1
14462;287;-0.65869140625;-0.024169921875;-0.017578125;0;1
14516;288;-0.13720703125;-0.0517578125;0.049560546875;0;1
14568;289;0.021728515625;0.03857421875;0.112548828125;0;1
14634;290;-0.021728515625;-0.001220703125;0.019775390625;0;1
14660;291;-0.05322265625;0.0224609375;0.01318359375;0;1
14696;292;-0.05322265625;0.0224609375;0.01318359375;0;1
14726;293;1.337646484375;0.094970703125;0.41357421875;0;1
14791;294;1.58203125;0.0498046875;-0.015380859375;0;1
14852;295;2;-0.062744140625;0.40185546875;0;1
14889;296;1.6591796875;0.04443359375;0.236328125;0;1
14923;297;1.1875;-0.029541015625;0.282958984375;0;1
14981;298;0.62890625;-0.115234375;0.1259765625;0;1
171;1;-2.9375;0.515625;-2.1171875;1;1
200;2;-2.6484375;0.46875;-2.2734375;1;1
221;3;-2.6484375;0.46875;-2.2734375;1;1
286;4;-2.3515625;0.75;-2.6484375;1;1
305;5;-2.3515625;0.75;-2.6484375;1;1
332;6;-2.3515625;0.75;-2.6484375;1;1
387;7;-1.5;0.9609375;-2.4296875;1;1
440;8;-4.7265625;2.359375;-2.84375;1;1
486;9;-2.3515625;0.3671875;-1.4453125;1;1
552;10;-1.578125;0.546875;-2.6015625;1;1
584;11;-1.6796875;-2.828125;-2.3203125;1;1
627;12;-1.328125;0.0390625;-2.7265625;1;1
686;13;-1.4609375;0.015625;-2.609375;1;1
744;14;-1.734375;-2.1328125;-2.75;1;1
785;15;-4.375;-2.5078125;-2.5859375;1;1
826;16;-1.4609375;-2.1171875;-2.28125;1;1
874;17;-1.171875;0.09375;-2.1953125;1;1
927;18;-1.03125;0.1015625;-2.4609375;1;1
986;19;-1.296875;0.375;-2.25;1;1
1027;20;-2.7109375;0.3203125;-2.2265625;1;1
1078;21;-2.765625;0.46875;-2.53125;1;1
1142;22;-2.75;0.4921875;-2.6875;1;1
1212;23;-1.1484375;-0.3046875;-1.234375;1;1
1240;24;-1.1484375;-0.3046875;-1.234375;1;1
1301;25;-2.84375;2.390625;-1.078125;1;1
1322;26;-1.21875;2.140625;-2.96875;1;1
1363;27;-2.671875;1.5;-1.1171875;1;1
1423;28;-6.2578125;3.6015625;-2.890625;1;1
1464;29;-3.3828125;-2.375;-2.6015625;1;1
1524;30;-3.625;-12.6484375;-2.859375;1;1
1579;31;-9.984375;-24.15625;-1.1171875;1;1
1620;32;-13.9453125;-31.9765625;-1.78125;1;1
1665;33;-15.46875;-40.8515625;-3.578125;1;1
1704;34;-1.5390625;-53.0546875;-8.0625;1;1
1752;35;7.2109375;-55.1328125;-10.6484375;1;1
1813;36;8.1328125;-57.46875;-4.3828125;1;1
1856;37;10.046875;-42.265625;0.2109375;1;1
1908;38;16.6015625;1.6875;6.7265625;1;1
1952;39;-4.203125;41.75;-2.765625;1;1
1996;40;-2.609375;46.59375;-6.8671875;1;1
2044;41;-16.8984375;76.859375;-4.9375;1;1
2100;42;-12.1484375;12.0078125;6.6796875;1;1
2147;43;-21.6875;30.15625;19.3125;1;1
2193;44;-15.1953125;20.2890625;0.46875;1;1
2243;45;-6.7890625;-0.3203125;-2.6484375;1;1
2339;46;-0.6171875;-5.0078125;-7.125;1;1
2388;47;19.4765625;9.5234375;-11.625;1;1
2435;48;2.1953125;-25.6875;-0.40625;1;1
2488;49;-16.40625;-16.703125;-3.0859375;1;1
2535;50;-9.6328125;32.453125;-38.65625;1;1
2583;51;-5.375;-22.9921875;-3.953125;1;1
2627;52;2.4921875;1.6953125;-1.875;1;1
2678;53;-5.84375;12.2265625;0.0234375;1;1
2735;54;-7.1640625;3.53125;-4.2890625;1;1
2790;55;-3.6328125;-0.9375;4.5703125;1;1
2821;56;-5.9140625;7.75;4.1484375;1;1
2875;57;-5.71875;10.296875;4.5703125;1;1
2928;58;-5.4609375;1.4375;3.375;1;1
2978;59;-3.6796875;2.78125;3.53125;1;1
3028;60;-0.7734375;5.0859375;4.9453125;1;1
3075;61;1.2265625;7.5546875;4.34375;1;1
3126;62;4.9453125;6.875;2.8046875;1;1
3175;63;5.546875;3.109375;-0.6171875;1;1
3220;64;2.6796875;0.6640625;-0.9609375;1;1
3269;65;0.4609375;-1.015625;0.65625;1;1
3321;66;-1.703125;-3.8125;0.46875;1;1
3361;67;-2.7421875;-3.359375;0.140625;1;1
3410;68;-6.4921875;-11.4140625;1.6484375;1;1
3472;69;-8.4375;-22.5;1.9375;1;1
3520;70;-7.015625;-33.2265625;1.3828125;1;1
3592;71;-11.3984375;-42.9765625;6.09375;1;1
3689;72;-17.125;-57.59375;6.2421875;1;1
3726;73;-26.1328125;-41.8359375;4.3125;1;1
3780;74;-33.578125;-14.890625;-1.390625;1;1
3806;75;-13.234375;31.6171875;-8.84375;1;1
3828;76;-13.234375;31.6171875;-8.84375;1;1
3852;77;-4.4765625;53.0390625;-8.3515625;1;1
3900;78;6.46875;71.8203125;-12.546875;1;1
3952;79;-5.734375;16.9453125;0.5859375;1;1
4014;80;-6.046875;33.640625;5.84375;1;1
4057;81;-9.7265625;13.703125;-8.8984375;1;1
4100;82;-1.1953125;-2.84375;-2.234375;1;1
4161;83;9.5078125;2.6953125;-2.8359375;1;1
4212;84;10.6875;-0.9296875;0.3046875;1;1
4292;85;31.3046875;17.296875;1.09375;1;1
4344;86;-12.2109375;-13.4765625;7.59375;1;1
4391;87;9.28125;-1.3671875;-3.0390625;1;1
4431;88;1.4140625;46.1953125;-5.375;1;1
4519;89;5.09375;-6.296875;0.09375;1;1
4552;90;4.4921875;8.8359375;-2.875;1;1
4590;91;-10.5390625;2.1015625;6.25;1;1
4631;92;-7.265625;-6.3046875;1.03125;1;1
4677;93;-8.21875;-9.765625;-0.1015625;1;1
4729;94;-0.1484375;-11.5078125;2.7890625;1;1
4771;95;-1.15625;-2.359375;2.328125;1;1
4823;96;-4.9296875;2.0390625;-0.515625;1;1
4878;97;-4.4140625;3.5390625;-2.078125;1;1
4923;98;-3.4609375;-0.90625;-2.125;1;1
4986;99;-2.484375;0.46875;-1.6015625;1;1
5036;100;-2.625;2.28125;-4.1796875;1;1
5105;101;-0.5234375;-0.453125;-4.171875;1;1
5160;102;2.4296875;-1.84375;-4.8125;1;1
5186;103;2.4296875;-1.84375;-4.8125;1;1
5212;104;-1.484375;-5.8828125;-4.5;1;1
5269;105;-1.7109375;-7.1328125;-4.703125;1;1
5312;106;-3.5390625;-7.703125;-4.984375;1;1
5364;107;-4.5078125;-12.3671875;-3.5234375;1;1
5417;108;-1.359375;-15.7265625;-3.953125;1;1
5466;109;2.2734375;-29.8359375;0.296875;1;1
5515;110;3.5859375;-39.2109375;2.9921875;1;1
5566;111;8.953125;-40.4375;2.625;1;1
5620;112;19.1015625;-31.6796875;-8.4140625;1;1
5667;113;-1.9375;-43.953125;-2.5546875;1;1
5720;114;-14.9375;-23.421875;-4.0546875;1;1
5775;115;-23.1953125;0.1875;-0.6484375;1;1
5832;116;-23.1328125;36.0703125;0.5859375;1;1
5869;117;-6.53125;56;-4.015625;1;1
5897;118;-12.734375;45.0234375;-4.8359375;1;1
5947;119;-24.2109375;41.9921875;3.8984375;1;1
5987;120;-11.7890625;27.6171875;-1.7578125;1;1
6064;121;-1.3984375;3.09375;-4.7578125;1;1
6095;122;5.1015625;-4.9375;-6.5625;1;1
6144;123;3.796875;-2.15625;-3.578125;1;1
6249;124;13.515625;0.7890625;2.375;1;1
6287;125;-15.21875;-37.609375;10.078125;1;1
6336;126;14.703125;-30.8828125;-4.1328125;1;1
6386;127;41.984375;27.0546875;-10.4296875;1;1
6449;128;-4.921875;1.578125;16.453125;1;1
6492;129;20.765625;-13.1015625;3.109375;1;1
6534;130;-2.703125;7.46875;6.9140625;1;1
6584;131;-18.3828125;22.109375;5.828125;1;1
6633;132;-1.609375;6.7109375;1.296875;1;1
6672;133;5.765625;1.2890625;1.6171875;1;1
6732;134;3.9921875;9.0703125;4.84375;1;1
6780;135;1.5;8.125;4.078125;1;1
6825;136;5.4765625;2.5703125;2.203125;1;1
6888;137;4.0859375;4.234375;2.0703125;1;1
6939;138;-4.6171875;2.5234375;-0.265625;1;1
6974;139;-5.0625;-2.0390625;0.453125;1;1
7024;140;-3.1953125;-2.0234375;-2.453125;1;1
7070;141;-3.328125;0.0546875;-2.8046875;1;1
7116;142;-7.3046875;-2.7421875;-1.8984375;1;1
7185;143;-6.6171875;-4.859375;-3.3515625;1;1
7221;144;-3.234375;-6.3203125;-6.703125;1;1
7266;145;-1.734375;-5.3125;-6.7578125;1;1
7316;146;-4.65625;-5.453125;-6.3671875;1;1
7365;147;-4.4609375;-7.203125;-6.1640625;1;1
7428;148;-4.5234375;-11.2265625;-3.765625;1;1
7482;149;-4.4609375;-19.9453125;-3.1171875;1;1
7533;150;-8.2578125;-31.265625;-1.7109375;1;1
7567;151;-6.265625;-38.84375;0.0234375;1;1
7606;152;-8.0703125;-38.3515625;-2.2109375;1;1
7659;153;-6.390625;-30.8203125;-3.1171875;1;1
7699;154;-3.953125;-22.1484375;-2.8359375;1;1
7754;155;-2.21875;-12.8671875;2.71875;1;1
7799;156;6.6484375;-2.28125;3.3046875;1;1
7852;157;3.3828125;14.953125;8.2265625;1;1
7894;158;0.8046875;27.0234375;5.3046875;1;1
7936;159;8.6796875;83.1015625;-8.6171875;1;1
8019;160;-7.1015625;39;-14.0390625;1;1
8075;161;-25.9765625;18.4609375;-0.625;1;1
8117;162;-15.90625;20.828125;3.4375;1;1
8186;163;-26.0390625;-2.9921875;0.1875;1;1
8240;164;-6.3515625;2.9765625;4.7734375;1;1
8304;165;4.234375;6.25;7.4609375;1;1
8359;166;-9.2265625;4.1328125;5.015625;1;1
8401;167;-0.5859375;-5;0.6796875;1;1
8434;168;13.2421875;-6.296875;22.203125;1;1
8488;169;-34.265625;-48.109375;2.3203125;1;1
8527;170;8.28125;12.265625;-19.03125;1;1
8585;171;-13.6171875;25.0625;1.8359375;1;1
8637;172;1.640625;13.0859375;-9.9765625;1;1
8674;173;5.546875;-5.4140625;-12.3828125;1;1
8728;174;1.28125;-11.3125;-14.6875;1;1
8794;175;4.453125;-2.234375;-7.7421875;1;1
8822;176;-0.75;4.34375;-3.0234375;1;1
8869;177;-0.4375;-2.9296875;-5.515625;1;1
8916;178;4.90625;-1.9296875;-8.40625;1;1
8981;179;4.6640625;1.3046875;-8.7265625;1;1
9023;180;2.2421875;4.3671875;-6.0703125;1;1
9068;181;2.703125;-3.2421875;-5.3203125;1;1
9122;182;-2.6875;-7.6015625;-3.65625;1;1
9162;183;-0.7578125;-4.3984375;-4.265625;1;1
9221;184;2.890625;-3.703125;-1.3359375;1;1
9275;185;4.921875;-5.9765625;-1.2734375;1;1
9317;186;3.0703125;-7.3125;-1.3671875;1;1
9359;187;3.7578125;-10.21875;-2.6875;1;1
9411;188;3.34375;-9.71875;0.2578125;1;1
9464;189;7.2109375;-12.7734375;0.8203125;1;1
9532;190;5.0390625;-16.1640625;-0.1484375;1;1
9593;191;4.96875;-32.6171875;1.8125;1;1
9618;192;4.96875;-32.6171875;1.8125;1;1
9653;193;-0.078125;-35.546875;1.890625;1;1
9706;194;-1.5234375;-40.0625;2.7421875;1;1
9757;195;-8.5859375;-40.5078125;2.765625;1;1
9837;196;-1.7734375;-39.734375;1.78125;1;1
9892;197;-6.96875;-5.1796875;4.1015625;1;1
9921;198;-6.96875;-5.1796875;4.1015625;1;1
9949;199;7.0859375;25.8828125;-1.328125;1;1
9994;200;-20.1484375;35.640625;5.6484375;1;1
10045;201;32.28125;59.203125;-19.6484375;1;1
10096;202;-12.25;13.53125;7.8515625;1;1
10210;203;-37.421875;25.8125;11.6640625;1;1
10271;204;-29.1640625;26.7421875;2.9453125;1;1
10325;205;-28.625;-4.8984375;4.1875;1;1
10357;206;-10.9375;1.65625;7.25;1;1
10376;207;-5.8828125;13.0078125;4.78125;1;1
10441;208;-4.3203125;3.8203125;0.71875;1;1
10481;209;31.6796875;56.890625;6.2578125;1;1
10525;210;-18.1484375;-13.34375;8.09375;1;1
10585;211;4.625;2.765625;26.703125;1;1
10635;212;8.421875;-6.3828125;-3.046875;1;1
10689;213;-18.09375;-8.1953125;-16.3046875;1;1
10732;214;0.0546875;-1.125;-15.1328125;1;1
10791;215;-5.515625;-1.453125;-14.0703125;1;1
10833;216;-3.40625;0.6796875;-14.0390625;1;1
10897;217;-9.078125;-1.984375;-7.390625;1;1
10980;218;10.6015625;8.15625;-12.0078125;1;1
11035;219;4.0859375;9.71875;-5.2421875;1;1
11066;220;-2.625;3.8125;-6.6328125;1;1
11092;221;-2.625;3.8125;-6.6328125;1;1
11119;222;2.796875;3.5;-5.90625;1;1
11170;223;-0.9296875;8.2578125;-4.6640625;1;1
11209;224;-4.0078125;4.03125;-1.0234375;1;1
11259;225;-0.0234375;2.21875;-1.6484375;1;1
11306;226;4.109375;2.5546875;-2.5546875;1;1
11357;227;2.25;-2.0859375;-0.03125;1;1
11413;228;2.5390625;0.078125;-0.1015625;1;1
11459;229;2.8984375;-2.90625;2.2265625;1;1
11511;230;4.2109375;-6.21875;-0.0546875;1;1
11560;231;-0.625;-11.3671875;0.015625;1;1
11622;232;8.609375;-24.125;-3.8203125;1;1
11692;233;11.578125;-37.6640625;-1.8359375;1;1
11753;234;3.3671875;-46.5078125;6.03125;1;1
11793;235;-21.625;-50.0859375;-6.2109375;1;1
11821;236;-21.625;-50.0859375;-6.2109375;1;1
11841;237;-18.7890625;-24.8671875;-3.2265625;1;1
11892;238;-22.375;-9.890625;-6.78125;1;1
11961;239;2.5;42.90625;0.4921875;1;1
12007;240;-1.40625;59.8203125;0.703125;1;1
12089;241;-5.8359375;70.9609375;-10.09375;1;1
12154;242;-33.4765625;26.6640625;1.609375;1;1
12187;243;-2.484375;21.5;11.5703125;1;1
12242;244;2.7421875;-19.203125;-8.75;1;1
12281;245;-0.515625;-25.0703125;-8.6796875;1;1
12332;246;9.921875;-5.421875;-1.7890625;1;1
12401;247;2.1015625;-13.453125;1.9609375;1;1
12468;248;12.609375;-23.1484375;-4.8046875;1;1
12532;249;5.109375;-38.171875;-11.96875;1;1
12710;250;-9.7578125;30.2265625;-11.1015625;1;1
12731;251;-1.9921875;11.8828125;-18.53125;1;1
12791;252;-7.3515625;10.03125;-8.65625;1;1
12814;253;-6.5;1.546875;-4.171875;1;1
12838;254;-6.5;1.546875;-4.171875;1;1
12860;255;2.8515625;-3.7734375;-1.078125;1;1
12904;256;2.8515625;-3.7734375;-1.078125;1;1
12946;257;6.3828125;4.7890625;2.984375;1;1
13019;258;-9.9921875;16.3359375;4.921875;1;1
13048;259;-9.9921875;16.3359375;4.921875;1;1
13096;260;-3.7109375;12.1328125;1.34375;1;1
13151;261;-3.125;9.6328125;-0.1015625;1;1
13203;262;-16.65625;12.734375;-0.9296875;1;1
13221;263;-16.65625;12.734375;-0.9296875;1;1
13247;264;-16.65625;12.734375;-0.9296875;1;1
13298;265;-7.3203125;12.5234375;-0.859375;1;1
13331;266;-7.3203125;12.5234375;-0.859375;1;1
13367;267;-12.640625;11.0546875;-0.515625;1;1
13410;268;-7.8828125;12.9453125;0.8984375;1;1
13461;269;-8.9375;5.9375;-2.0703125;1;1
13507;270;-6.4375;-0.3125;0.1484375;1;1
13559;271;-3.328125;0.2109375;-2.0703125;1;1
13609;272;-1.6171875;-4.609375;-2.9921875;1;1
13653;273;-1.71875;-9.5;-4.359375;1;1
13717;274;1.1328125;-21.890625;-3.46875;1;1
13766;275;12.5703125;-34.078125;0.6171875;1;1
13807;276;11.5078125;-44.5234375;2.3984375;1;1
13846;277;12.3046875;-45.5234375;-2.2890625;1;1
13910;278;9.1015625;-51.4921875;-2.640625;1;1
14026;279;6.1015625;-52.171875;0.1796875;1;1
14082;280;6.75;-37.2734375;-0.828125;1;1
14153;281;-0.796875;-14.8828125;0.75;1;1
14194;282;-3.3046875;5.3359375;0.4453125;1;1
14214;283;-3.3046875;5.3359375;0.4453125;1;1
14283;284;19.921875;54.46875;-5.5234375;1;1
14310;285;19.921875;54.46875;-5.5234375;1;1
14366;286;13.1015625;85.9453125;-0.8359375;1;1
14435;287;-2.515625;51.2734375;5.8828125;1;1
14465;288;-2.515625;51.2734375;5.8828125;1;1
14520;289;-26.0546875;5.859375;-0.4765625;1;1
14571;290;-20.0078125;4.671875;-2.9765625;1;1
14638;291;-15.53125;7.8828125;-4.34375;1;1
14663;292;-4.109375;-1.8203125;-1.71875;1;1
14698;293;-4.109375;-1.8203125;-1.71875;1;1
14729;294;16.875;15.53125;10.8359375;1;1
14796;295;9.484375;-42.6796875;8.546875;1;1
14854;296;29.40625;11.03125;-9.125;1;1
14892;297;16.828125;-6.2578125;1.4375;1;1
14925;298;4.6484375;8.3125;0.0078125;1;1
14984;299;6.21875;4;-8.671875;1;1
173;1;-88.33333587646484;57.16666793823242;-93.66666412353516;2;1
202;2;-87.83333587646484;56.16666793823242;-93;2;1
223;3;-87.83333587646484;56.16666793823242;-93;2;1
288;4;-92.33333587646484;63.83333206176758;-101.3333358764648;2;1
307;5;-92.33333587646484;63.83333206176758;-101.3333358764648;2;1
334;6;-92.33333587646484;63.83333206176758;-101.3333358764648;2;1
388;7;-91.83333587646484;21.33333396911621;-100.3333358764648;2;1
442;8;-91.16666412353516;23.16666603088379;-101.6666641235352;2;1
489;9;-90.5;62.5;-100.3333358764648;2;1
554;10;-91.5;63;-100.1666641235352;2;1
586;11;-92.83333587646484;22.33333396911621;-102.5;2;1
629;12;-93.5;21.66666603088379;-101;2;1
689;13;-91.83333587646484;21.33333396911621;-101.5;2;1
746;14;-91.33333587646484;63.66666793823242;-102.3333358764648;2;1
788;15;-91.5;62.33333206176758;-100.1666641235352;2;1
828;16;-91.33333587646484;21.33333396911621;-101.5;2;1
876;17;-92.33333587646484;63;-101;2;1
930;18;-90.5;21.33333396911621;-100.3333358764648;2;1
988;19;-91;22.16666603088379;-101.8333358764648;2;1
1032;20;-91.16666412353516;21.66666603088379;-102.5;2;1
1082;21;-90;63.83333206176758;-100.1666641235352;2;1
1145;22;-91.33333587646484;23.33333396911621;-101.5;2;1
1214;23;-92;22;-99.83333587646484;2;1
1242;24;-92;22;-99.83333587646484;2;1
1302;25;-91.83333587646484;63.33333206176758;-100.8333358764648;2;1
1324;26;-92.33333587646484;22.83333396911621;-100.1666641235352;2;1
1365;27;-92.33333587646484;63;-101;2;1
1425;28;-92.33333587646484;22.83333396911621;-99.83333587646484;2;1
1466;29;-92.33333587646484;63;-102.1666641235352;2;1
1529;30;-91.5;22.83333396911621;-101.3333358764648;2;1
1581;31;-92.5;62.83333206176758;-99.16666412353516;2;1
1623;32;-93.16666412353516;22.33333396911621;-99.33333587646484;2;1
1667;33;-91.16666412353516;22.83333396911621;-99.33333587646484;2;1
1706;34;-92;22.33333396911621;-96;2;1
1753;35;-91.16666412353516;22.33333396911621;-94.33333587646484;2;1
1817;36;-91.16666412353516;24.33333396911621;-92.16666412353516;2;1
1858;37;-92.5;23;-90.33333587646484;2;1
1910;38;-89.5;24.33333396911621;-88.66666412353516;2;1
1954;39;-93.16666412353516;26.83333396911621;-86.33333587646484;2;1
1998;40;-88;23.66666603088379;-86.33333587646484;2;1
2046;41;-86.83333587646484;21.66666603088379;-87.16666412353516;2;1
2104;42;-87.33333587646484;58.83333206176758;-42.66666793823242;2;1
2150;43;-87.16666412353516;58.66666793823242;-86;2;1
2195;44;-87.16666412353516;56.33333206176758;-88.33333587646484;2;1
2245;45;-92.5;23;-97.33333587646484;2;1
2341;46;-94.16666412353516;21.83333396911621;-97.33333587646484;2;1
2390;47;-90.5;24.66666603088379;-96.5;2;1
2436;48;-93.16666412353516;63.83333206176758;-96;2;1
2489;49;-93.66666412353516;21.33333396911621;-97.33333587646484;2;1
2538;50;-91.5;22.83333396911621;-97.5;2;1
2585;51;-91;23;-98.5;2;1
2629;52;-89.83333587646484;21.83333396911621;-98.5;2;1
2680;53;-90.5;23;-96.83333587646484;2;1
2739;54;-90.16666412353516;23.33333396911621;-97.33333587646484;2;1
2792;55;-90.83333587646484;63.83333206176758;-97.5;2;1
2823;56;-91;21.83333396911621;-99.16666412353516;2;1
2877;57;-92.83333587646484;24;-98.33333587646484;2;1
2930;58;-91.16666412353516;24.83333396911621;-98.66666412353516;2;1
2980;59;-92.83333587646484;63.83333206176758;-100.5;2;1
3030;60;-92;22.83333396911621;-99.83333587646484;2;1
3077;61;-93.66666412353516;21.83333396911621;-99.66666412353516;2;1
3128;62;-92.16666412353516;23.33333396911621;-101.1666641235352;2;1
3176;63;-92.33333587646484;63.83333206176758;-101.3333358764648;2;1
3222;64;-93.33333587646484;62.83333206176758;-100.8333358764648;2;1
3271;65;-93;63.33333206176758;-102.6666641235352;2;1
3323;66;-91.83333587646484;62.5;-103.5;2;1
3363;67;-93.16666412353516;22.33333396911621;-101.6666641235352;2;1
3412;68;-92;63.5;-102.5;2;1
3474;69;-93.66666412353516;63.33333206176758;-103;2;1
3526;70;-92.5;21.83333396911621;-100.8333358764648;2;1
3599;71;-93.16666412353516;22.83333396911621;-97.83333587646484;2;1
3695;72;-92.33333587646484;24.83333396911621;-92.83333587646484;2;1
3729;73;-93.66666412353516;25.33333396911621;-92.66666412353516;2;1
3782;74;-93.66666412353516;24.66666603088379;-90.33333587646484;2;1
3808;75;-94.66666412353516;24;-88.66666412353516;2;1
3830;76;-94.66666412353516;24;-88.66666412353516;2;1
3854;77;-95.33333587646484;24.66666603088379;-88.5;2;1
3902;78;-94.66666412353516;24.33333396911621;-89.83333587646484;2;1
3955;79;-92.83333587646484;62.33333206176758;-89.83333587646484;2;1
4020;80;-90.83333587646484;60.33333206176758;-89.83333587646484;2;1
4059;81;-92.5;57.66666793823242;-87.66666412353516;2;1
4104;82;-91.5;56.66666793823242;-90.5;2;1
4164;83;-90.5;55.66666793823242;-89.16666412353516;2;1
4213;84;-96.5;22.66666603088379;-97.66666412353516;2;1
4294;85;-96.66666412353516;22.33333396911621;-96.66666412353516;2;1
4346;86;-92.5;22.66666603088379;-96.5;2;1
4394;87;-95;62.5;-99.16666412353516;2;1
4433;88;-93.66666412353516;21.83333396911621;-98;2;1
4521;89;-92.5;22.16666603088379;-99.66666412353516;2;1
4555;90;-91.5;63.5;-99.83333587646484;2;1
4591;91;-92.16666412353516;23;-102.3333358764648;2;1
4633;92;-93.5;24;-99;2;1
4679;93;-95.5;63.5;-100.1666641235352;2;1
4730;94;-93.16666412353516;21.66666603088379;-99.33333587646484;2;1
4773;95;-94.66666412353516;22;-98.66666412353516;2;1
4824;96;-95.16666412353516;22;-98.33333587646484;2;1
4879;97;-95.66666412353516;62.5;-97.66666412353516;2;1
4928;98;-93.66666412353516;21.33333396911621;-97.33333587646484;2;1
4989;99;-94;63.83333206176758;-99;2;1
5040;100;-95.66666412353516;24.16666603088379;-100.8333358764648;2;1
5109;101;-93.66666412353516;21.33333396911621;-96.83333587646484;2;1
5162;102;-93.16666412353516;62.66666793823242;-99.83333587646484;2;1
5188;103;-93.16666412353516;62.66666793823242;-99.83333587646484;2;1
5215;104;-94;63.5;-99;2;1
5272;105;-92;21.66666603088379;-97.83333587646484;2;1
5314;106;-94.16666412353516;63.33333206176758;-98.5;2;1
5365;107;-93;63.66666793823242;-97.33333587646484;2;1
5423;108;-93.66666412353516;23.33333396911621;-98.5;2;1
5469;109;-94.16666412353516;21.33333396911621;-95;2;1
5519;110;-95.33333587646484;23.83333396911621;-95.83333587646484;2;1
5568;111;-93.66666412353516;22.66666603088379;-95.33333587646484;2;1
5625;112;-93.66666412353516;23.33333396911621;-93;2;1
5670;113;-95;24.16666603088379;-92.66666412353516;2;1
5723;114;-92.5;23.83333396911621;-91.16666412353516;2;1
5780;115;-93.16666412353516;27.16666603088379;-86.66666412353516;2;1
5836;116;-94.16666412353516;26.16666603088379;-86.16666412353516;2;1
5871;117;-93.33333587646484;26.5;-86.16666412353516;2;1
5904;118;-91.33333587646484;22.66666603088379;-86.5;2;1
5949;119;-90;62.33333206176758;-88.66666412353516;2;1
5989;120;-90;57.16666793823242;-86;2;1
6068;121;-90;57.5;-87.16666412353516;2;1
6097;122;-90.83333587646484;54.33333206176758;-89.5;2;1
6147;123;-95.33333587646484;22.66666603088379;-95.33333587646484;2;1
6251;124;-93.33333587646484;21.33333396911621;-96.5;2;1
6290;125;-91;23;-94.66666412353516;2;1
6337;126;-95.33333587646484;24.66666603088379;-95;2;1
6389;127;-94;22.33333396911621;-96;2;1
6452;128;-92.5;23.33333396911621;-97.33333587646484;2;1
6493;129;-92.83333587646484;22;-98.66666412353516;2;1
6536;130;-92.33333587646484;63.83333206176758;-97.16666412353516;2;1
6585;131;-92.33333587646484;22.33333396911621;-97.83333587646484;2;1
6634;132;-94.33333587646484;63.5;-97.83333587646484;2;1
6673;133;-94.66666412353516;22;-99;2;1
6734;134;-93.66666412353516;22.16666603088379;-101.1666641235352;2;1
6782;135;-94;21.66666603088379;-101;2;1
6828;136;-95.33333587646484;21.33333396911621;-102.6666641235352;2;1
6893;137;-94.5;62.83333206176758;-101.8333358764648;2;1
6942;138;-95.16666412353516;63.5;-101.3333358764648;2;1
6976;139;-94.16666412353516;62.83333206176758;-101.5;2;1
7027;140;-94.16666412353516;63.66666793823242;-101.5;2;1
7073;141;-95.5;63;-101.3333358764648;2;1
7117;142;-96.33333587646484;62.66666793823242;-101.3333358764648;2;1
7192;143;-93;63.66666793823242;-101.8333358764648;2;1
7223;144;-94.66666412353516;62.66666793823242;-102.8333358764648;2;1
7268;145;-95.16666412353516;63.83333206176758;-101;2;1
7318;146;-94.66666412353516;63;-100.5;2;1
7368;147;-93.66666412353516;22.16666603088379;-100;2;1
7432;148;-93.66666412353516;63.66666793823242;-98.83333587646484;2;1
7486;149;-95.16666412353516;23.16666603088379;-99;2;1
7535;150;-93.66666412353516;21.83333396911621;-97.66666412353516;2;1
7569;151;-93.16666412353516;21.66666603088379;-94.33333587646484;2;1
7609;152;-93;22.16666603088379;-95.33333587646484;2;1
7660;153;-94.5;22.66666603088379;-92.66666412353516;2;1
7701;154;-95.33333587646484;21.83333396911621;-92.33333587646484;2;1
7757;155;-95;25;-90;2;1
7801;156;-94.16666412353516;24.66666603088379;-91.83333587646484;2;1
7854;157;-93.33333587646484;23;-87.66666412353516;2;1
7898;158;-89.83333587646484;62;-88.83333587646484;2;1
7939;159;-89.83333587646484;58.83333206176758;-42;2;1
8028;160;-88.5;58.16666793823242;-88.83333587646484;2;1
8082;161;-89.5;56.66666793823242;-87.83333587646484;2;1
8120;162;-95.66666412353516;63.33333206176758;-97.33333587646484;2;1
8190;163;-96.16666412353516;22.16666603088379;-98;2;1
8242;164;-95.5;21.66666603088379;-96.66666412353516;2;1
8311;165;-98;63.83333206176758;-99.83333587646484;2;1
8363;166;-95.5;62.66666793823242;-99.33333587646484;2;1
8403;167;-96.5;62.83333206176758;-101.8333358764648;2;1
8436;168;-95.5;22.33333396911621;-101;2;1
8491;169;-96;63.83333206176758;-98.33333587646484;2;1
8529;170;-97.33333587646484;62.83333206176758;-99.16666412353516;2;1
8586;171;-97.33333587646484;62.5;-99.16666412353516;2;1
8639;172;-95.66666412353516;21.33333396911621;-98.83333587646484;2;1
8677;173;-97.5;21.66666603088379;-100.1666641235352;2;1
8730;174;-96.66666412353516;21.66666603088379;-102.8333358764648;2;1
8796;175;-95.66666412353516;22.66666603088379;-99.16666412353516;2;1
8823;176;-94.16666412353516;63.66666793823242;-101.1666641235352;2;1
8870;177;-94.33333587646484;63;-100.5;2;1
8917;178;-97.5;21.66666603088379;-101;2;1
8982;179;-94.16666412353516;22.66666603088379;-100.3333358764648;2;1
9025;180;-92.83333587646484;62.33333206176758;-99;2;1
9070;181;-94;63;-99.33333587646484;2;1
9125;182;-93.66666412353516;21.83333396911621;-101.5;2;1
9164;183;-95.16666412353516;63.83333206176758;-99.83333587646484;2;1
9223;184;-94.33333587646484;63.5;-99.33333587646484;2;1
9278;185;-95.66666412353516;21.83333396911621;-98.83333587646484;2;1
9319;186;-92.5;21.33333396911621;-98.5;2;1
9361;187;-93;62.5;-100.8333358764648;2;1
9413;188;-95.33333587646484;24.66666603088379;-98;2;1
9470;189;-94.5;22.16666603088379;-99.66666412353516;2;1
9546;190;-92.33333587646484;21.66666603088379;-96.66666412353516;2;1
9595;191;-91.16666412353516;22.83333396911621;-96.33333587646484;2;1
9619;192;-91.16666412353516;22.83333396911621;-96.33333587646484;2;1
9654;193;-94;23.66666603088379;-94;2;1
9708;194;-93.16666412353516;24.33333396911621;-95.16666412353516;2;1
9781;195;-92.33333587646484;24;-95.5;2;1
9841;196;-92;23.16666603088379;-90.16666412353516;2;1
9896;197;-88.5;61.33333206176758;-39.66666793823242;2;1
9925;198;-88.5;61.33333206176758;-39.66666793823242;2;1
9950;199;-88.83333587646484;60.66666793823242;-38.33333206176758;2;1
9997;200;-90.5;60;-36.5;2;1
10049;201;-87.5;57.5;-39.83333206176758;2;1
10100;202;-96;22.33333396911621;-91.66666412353516;2;1
10215;203;-93.33333587646484;26.16666603088379;-93.5;2;1
10274;204;-95.16666412353516;21.66666603088379;-92.16666412353516;2;1
10328;205;-97.5;21.66666603088379;-93.33333587646484;2;1
10360;206;-97.16666412353516;22;-94.83333587646484;2;1
10377;207;-98;63.5;-95.5;2;1
10444;208;-97.16666412353516;63.83333206176758;-95.5;2;1
10482;209;-96.16666412353516;63.66666793823242;-95.33333587646484;2;1
10528;210;-97.66666412353516;23;-96.83333587646484;2;1
10587;211;-98.16666412353516;63.33333206176758;-96.16666412353516;2;1
10637;212;-99;22.66666603088379;-96.83333587646484;2;1
10691;213;-98.5;63.33333206176758;-96.5;2;1
10735;214;-98.16666412353516;62.83333206176758;-94.16666412353516;2;1
10794;215;-96.16666412353516;21.83333396911621;-96.16666412353516;2;1
10835;216;-97.16666412353516;22;-94.83333587646484;2;1
10902;217;-97;23;-96.16666412353516;2;1
10983;218;-97.33333587646484;23;-94.66666412353516;2;1
11037;219;-95.16666412353516;63.83333206176758;-93.33333587646484;2;1
11068;220;-93.66666412353516;21.83333396911621;-96.16666412353516;2;1
11094;221;-93.66666412353516;21.83333396911621;-96.16666412353516;2;1
11120;222;-94.66666412353516;22.83333396911621;-95.16666412353516;2;1
11173;223;-93.5;22.83333396911621;-94.83333587646484;2;1
11210;224;-95.33333587646484;22.66666603088379;-96.16666412353516;2;1
11263;225;-91.5;23.66666603088379;-96;2;1
11308;226;-93;21.33333396911621;-95.33333587646484;2;1
11360;227;-94.33333587646484;22;-96.33333587646484;2;1
11417;228;-93;23.33333396911621;-96.5;2;1
11462;229;-95;23.83333396911621;-96.83333587646484;2;1
11513;230;-93.33333587646484;62.83333206176758;-96.5;2;1
11561;231;-94.5;21.33333396911621;-97.66666412353516;2;1
11630;232;-94.5;22.16666603088379;-95.83333587646484;2;1
11698;233;-92.33333587646484;25.5;-95.5;2;1
11758;234;-93.66666412353516;23;-91.83333587646484;2;1
11795;235;-91.16666412353516;21.66666603088379;-85.5;2;1
11822;236;-91.16666412353516;21.66666603088379;-85.5;2;1
11843;237;-89;60.83333206176758;-36.5;2;1
11895;238;-87.83333587646484;60.83333206176758;-36.5;2;1
11971;239;-88.33333587646484;61.83333206176758;-33.33333206176758;2;1
12012;240;-87.83333587646484;57.33333206176758;-37.33333206176758;2;1
12092;241;-95.33333587646484;24.66666603088379;-87;2;1
12155;242;-93.33333587646484;26.16666603088379;-89.16666412353516;2;1
12189;243;-92.5;23.33333396911621;-93.5;2;1
12243;244;-94;23.66666603088379;-97.16666412353516;2;1
12283;245;-94.33333587646484;21.66666603088379;-95.5;2;1
12337;246;-94;26;-92.16666412353516;2;1
12403;247;-93.16666412353516;63.83333206176758;-92.16666412353516;2;1
12473;248;-93.33333587646484;22.66666603088379;-90.83333587646484;2;1
12545;249;-94.16666412353516;23.33333396911621;-91.83333587646484;2;1
12713;250;-92.33333587646484;23.66666603088379;-91.33333587646484;2;1
12733;251;-93;23.33333396911621;-91.83333587646484;2;1
12792;252;-90.5;23.83333396911621;-90.83333587646484;2;1
12816;253;-91.33333587646484;22.66666603088379;-91.83333587646484;2;1
12840;254;-91.33333587646484;22.66666603088379;-91.83333587646484;2;1
12862;255;-91.83333587646484;24.66666603088379;-91.83333587646484;2;1
12908;256;-91.83333587646484;24.66666603088379;-91.83333587646484;2;1
12950;257;-92.16666412353516;22.16666603088379;-90.33333587646484;2;1
13022;258;-91.16666412353516;25.16666603088379;-93.33333587646484;2;1
13051;259;-91.16666412353516;25.16666603088379;-93.33333587646484;2;1
13100;260;-93.5;22.83333396911621;-91.66666412353516;2;1
13154;261;-91;23.83333396911621;-94.66666412353516;2;1
13204;262;-91.33333587646484;24.16666603088379;-94.16666412353516;2;1
13222;263;-91.33333587646484;24.16666603088379;-94.16666412353516;2;1
13249;264;-91.33333587646484;24.16666603088379;-94.16666412353516;2;1
13299;265;-94;24.33333396911621;-95.5;2;1
13332;266;-94;24.33333396911621;-95.5;2;1
13370;267;-94.66666412353516;22.33333396911621;-96;2;1
13412;268;-94.5;22.16666603088379;-95.83333587646484;2;1
13462;269;-94.33333587646484;22.33333396911621;-96.66666412353516;2;1
13509;270;-95.33333587646484;21.83333396911621;-97.66666412353516;2;1
13560;271;-96.16666412353516;21.83333396911621;-96.5;2;1
13611;272;-94.33333587646484;22.83333396911621;-99.83333587646484;2;1
13655;273;-95.5;63.83333206176758;-97.16666412353516;2;1
13719;274;-95.16666412353516;23.16666603088379;-97.5;2;1
13770;275;-90.83333587646484;61.83333206176758;-92.83333587646484;2;1
13810;276;-88.16666412353516;59.33333206176758;-89.16666412353516;2;1
13848;277;-89.5;59.16666793823242;-86.33333587646484;2;1
13919;278;-90;57.83333206176758;-40.66666793823242;2;1
14041;279;-93.5;23.66666603088379;-86;2;1
14084;280;-93.5;26.33333396911621;-40.66666793823242;2;1
14155;281;-92.83333587646484;24.33333396911621;-39.83333206176758;2;1
14196;282;-94.16666412353516;26.5;-38.16666793823242;2;1
14215;283;-94.16666412353516;26.5;-38.16666793823242;2;1
14285;284;-92;26;-38.33333206176758;2;1
14311;285;-92;26;-38.33333206176758;2;1
14373;286;-92.83333587646484;26;-86.66666412353516;2;1
14437;287;-93.33333587646484;23.83333396911621;-91.16666412353516;2;1
14468;288;-93.33333587646484;23.83333396911621;-91.16666412353516;2;1
14522;289;-91;22.66666603088379;-97.33333587646484;2;1
14574;290;-92;22.33333396911621;-97.83333587646484;2;1
14640;291;-94;63;-96.66666412353516;2;1
14665;292;-93.33333587646484;21.33333396911621;-96.83333587646484;2;1
14699;293;-93.33333587646484;21.33333396911621;-96.83333587646484;2;1
14730;294;-94.16666412353516;22.66666603088379;-97.66666412353516;2;1
14801;295;-94.5;22.66666603088379;-99.66666412353516;2;1
14857;296;-93;23.33333396911621;-97.66666412353516;2;1
14894;297;-92.16666412353516;22.66666603088379;-96.16666412353516;2;1
14926;298;-92.83333587646484;22.83333396911621;-99.33333587646484;2;1
14986;299;-91.83333587646484;22.16666603088379;-98.5;2;1
141;0;0.930908203125;-0.191162109375;-0.273193359375;0;2
184;1;0.930419921875;-0.1240234375;-0.271484375;0;2
271;2;0.93310546875;-0.124755859375;-0.220703125;0;2
299;3;0.9326171875;-0.192138671875;-0.28076171875;0;2
319;4;0.9326171875;-0.192138671875;-0.28076171875;0;2
358;5;0.931396484375;-0.191162109375;-0.274169921875;0;2
376;6;0.93310546875;-0.189208984375;-0.2783203125;0;2
421;7;0.931884765625;-0.188720703125;-0.277587890625;0;2
472;8;0.927490234375;-0.18896484375;-0.21875;0;2
527;9;0.931884765625;-0.190673828125;-0.2783203125;0;2
570;10;0.9306640625;-0.120849609375;-0.271484375;0;2
619;11;0.931884765625;-0.188232421875;-0.26904296875;0;2
664;12;0.93359375;-0.189208984375;-0.21923828125;0;2
725;13;0.93017578125;-0.122802734375;-0.27392578125;0;2
773;14;0.931884765625;-0.124755859375;-0.279296875;0;2
814;15;0.93359375;-0.18798828125;-0.275146484375;0;2
859;16;0.928955078125;-0.188232421875;-0.280029296875;0;2
906;17;0.93310546875;-0.188720703125;-0.277587890625;0;2
956;18;0.933349609375;-0.189453125;-0.27685546875;0;2
1006;19;0.93017578125;-0.189453125;-0.27490234375;0;2
1061;20;0.93017578125;-0.1904296875;-0.275146484375;0;2
1122;21;0.9248046875;-0.190185546875;-0.2763671875;0;2
1186;22;0.93310546875;-0.187744140625;-0.2783203125;0;2
1227;23;0.930419921875;-0.19189453125;-0.221923828125;0;2
1290;24;0.924560546875;-0.124755859375;-0.277587890625;0;2
1315;25;0.928466796875;-0.195556640625;-0.228759765625;0;2
1348;26;0.923095703125;-0.188232421875;-0.228759765625;0;2
1395;27;0.927001953125;-0.197998046875;-0.332275390625;0;2
1445;28;1.025146484375;-0.203369140625;-0.326904296875;0;2
1493;29;1.019775390625;-0.20703125;-0.297119140625;0;2
1563;30;0.86669921875;-0.205810546875;-0.37744140625;0;2
1606;31;0.707275390625;-0.116943359375;-0.212890625;0;2
1652;32;0.6064453125;-0.15087890625;-0.2998046875;0;2
1691;33;0.612060546875;-0.052734375;-0.12060546875;0;2
1740;34;0.776123046875;-0.1416015625;-0.284912109375;0;2
1785;35;0.962158203125;-0.162353515625;-0.243896484375;0;2
1843;36;1.070556640625;-0.26025390625;-0.275390625;0;2
1883;37;1.43603515625;-0.12744140625;-0.3447265625;0;2
1932;38;1.749755859375;-0.417236328125;-0.583984375;0;2
1983;39;2.758544921875;-0.31201171875;-0.9423828125;0;2
2029;40;1.72900390625;-0.341552734375;-1.03271484375;0;2
2129;41;0.331787109375;0.131103515625;-0.042724609375;0;2
2175;42;-0.49755859375;0.024169921875;-0.13330078125;0;2
2224;43;0.065185546875;-0.0302734375;-0.152587890625;0;2
2273;44;0.116455078125;0.066162109375;0.056640625;0;2
2325;45;-0.044189453125;-0.263916015625;0.06689453125;0;2
2376;46;0.361083984375;0.057373046875;0.06689453125;0;2
2424;47;2.8876953125;-0.5263671875;-0.832763671875;0;2
2475;48;1.5107421875;-0.319091796875;-0.1337890625;0;2
2523;49;1.81640625;-0.212890625;-0.7265625;0;2
2567;50;1.256103515625;-0.216552734375;-0.040283203125;0;2
2615;51;0.43505859375;0.0126953125;-0.085205078125;0;2
2664;52;0.97607421875;-0.20556640625;-0.182861328125;0;2
2711;53;1.008544921875;-0.1181640625;-0.1181640625;0;2
2773;54;1.020263671875;-0.121826171875;-0.201416015625;0;2
2811;55;0.9638671875;-0.1943359375;-0.203369140625;0;2
2856;56;1.015380859375;-0.12158203125;-0.210205078125;0;2
2907;57;1.0048828125;-0.143798828125;-0.171142578125;0;2
2956;58;0.9267578125;-0.1533203125;-0.174072265625;0;2
3004;59;1.010986328125;-0.1552734375;-0.190185546875;0;2
3054;60;1.016845703125;-0.1123046875;-0.1728515625;0;2
3102;61;0.922119140625;-0.193359375;-0.165771484375;0;2
3151;62;1.0166015625;-0.149169921875;-0.1728515625;0;2
3203;63;1.03076171875;-0.101318359375;-0.181640625;0;2
3255;64;0.935791015625;-0.108154296875;-0.178955078125;0;2
3298;65;0.91552734375;-0.09521484375;-0.164794921875;0;2
3345;66;0.9072265625;-0.15283203125;-0.337158203125;0;2
3394;67;0.883544921875;-0.20263671875;-0.167236328125;0;2
3445;68;0.8369140625;-0.1953125;-0.1826171875;0;2
3492;69;0.722412109375;-0.055419921875;-0.313232421875;0;2
3653;70;0.9423828125;-0.273681640625;-0.224365234375;0;2
3669;71;0.9423828125;-0.273681640625;-0.224365234375;0;2
3711;72;1.26171875;-0.1494140625;-0.327392578125;0;2
3761;73;1.2568359375;-0.165771484375;-0.1787109375;0;2
3798;74;1.960693359375;-0.290771484375;-0.570556640625;0;2
3820;75;1.960693359375;-0.290771484375;-0.570556640625;0;2
3844;76;2.71044921875;-0.460693359375;-0.589111328125;0;2
3883;77;2.009765625;-0.355712890625;-0.916259765625;0;2
3933;78;0.531494140625;0.0263671875;-0.14306640625;0;2
3994;79;-0.75;0.0283203125;-0.03271484375;0;2
4079;80;0.012939453125;-0.00634765625;-0.161376953125;0;2
4146;81;0.213134765625;0.10400390625;0.087158203125;0;2
4199;82;-0.08203125;-0.072021484375;0.144775390625;0;2
4230;83;0.0498046875;-0.152099609375;-0.09423828125;0;2
4271;84;0.546630859375;0.1494140625;-0.09814453125;0;2
4320;85;3.335693359375;-0.360595703125;0.080322265625;0;2
4370;86;1.64501953125;-0.26171875;0.203125;0;2
4420;87;2.70458984375;-0.134521484375;-0.73779296875;0;2
4478;88;0.9150390625;-0.19775390625;-0.010986328125;0;2
4536;89;0.583740234375;0.093017578125;-0.33642578125;0;2
4580;90;0.722900390625;-0.13037109375;-0.045654296875;0;2
4613;91;0.76171875;-0.150146484375;-0.217041015625;0;2
4664;92;1.10693359375;-0.164794921875;-0.279541015625;0;2
4709;93;1.025390625;-0.185546875;-0.2119140625;0;2
4761;94;1.006591796875;-0.146728515625;-0.094482421875;0;2
4811;95;0.96728515625;-0.1357421875;-0.1884765625;0;2
4856;96;1.013671875;-0.097412109375;-0.1767578125;0;2
4910;97;1.00439453125;-0.197021484375;-0.211669921875;0;2
4969;98;1.01123046875;-0.1142578125;-0.156982421875;0;2
5019;99;1.008056640625;-0.123779296875;-0.205810546875;0;2
5074;100;0.9296875;-0.109375;-0.213623046875;0;2
5142;101;1.017578125;-0.11376953125;-0.16064453125;0;2
5179;102;1.027099609375;-0.120849609375;-0.17822265625;0;2
5205;103;0.928466796875;-0.2001953125;-0.2548828125;0;2
5258;104;0.93212890625;-0.197265625;-0.1669921875;0;2
5295;105;0.924072265625;-0.114013671875;-0.1787109375;0;2
5343;106;0.80712890625;-0.117431640625;-0.24267578125;0;2
5393;107;0.8193359375;-0.100341796875;-0.273193359375;0;2
5453;108;0.7568359375;-0.072998046875;-0.3154296875;0;2
5494;109;0.58203125;-0.08203125;-0.26953125;0;2
5558;110;0.6669921875;-0.255615234375;-0.103759765625;0;2
5589;111;0.79443359375;-0.031494140625;-0.518310546875;0;2
5646;112;1.252197265625;-0.400634765625;-0.326416015625;0;2
5702;113;1.304931640625;0.0361328125;-0.441162109375;0;2
5752;114;1.940185546875;-0.159423828125;-0.703369140625;0;2
5812;115;2.616943359375;-0.302978515625;-0.8212890625;0;2
5860;116;2.093017578125;-0.294189453125;-0.798095703125;0;2
5889;117;0.868896484375;-0.19970703125;-0.381591796875;0;2
5930;118;-0.615478515625;0.052490234375;0.194091796875;0;2
6029;119;-0.0732421875;-0.045654296875;-0.23974609375;0;2
6086;120;0.2529296875;0.073486328125;-0.09130859375;0;2
6130;121;-0.0830078125;0.190185546875;0.112060546875;0;2
6180;122;-0.026123046875;-0.208251953125;-0.045654296875;0;2
6224;123;0.258056640625;0.066162109375;-0.06005859375;0;2
6274;124;2.682373046875;-0.7734375;-0.680419921875;0;2
6319;125;1.96630859375;-0.115966796875;-0.317626953125;0;2
6367;126;1.938232421875;0.172119140625;-0.484130859375;0;2
6416;127;1.197265625;-0.551025390625;-0.17578125;0;2
6478;128;0.542236328125;-0.056884765625;-0.1455078125;0;2
6513;129;0.649169921875;0.04296875;-0.125;0;2
6564;130;1.029541015625;-0.341064453125;-0.230224609375;0;2
6614;131;1.06640625;-0.04833984375;-0.233642578125;0;2
6663;132;0.863525390625;-0.046142578125;-0.264404296875;0;2
6713;133;0.91455078125;-0.03271484375;-0.26513671875;0;2
6770;134;1.016845703125;-0.218505859375;-0.219482421875;0;2
6806;135;0.912109375;-0.152587890625;-0.321044921875;0;2
6856;136;0.916259765625;-0.107177734375;-0.261474609375;0;2
6928;137;1.00927734375;-0.11083984375;-0.236328125;0;2
6961;138;0.9189453125;-0.1044921875;-0.228271484375;0;2
7003;139;0.909423828125;-0.1162109375;-0.235595703125;0;2
7053;140;1.00146484375;-0.09765625;-0.22607421875;0;2
7100;141;0.931640625;-0.09619140625;-0.225830078125;0;2
7150;142;1.00048828125;-0.194580078125;-0.2314453125;0;2
7211;143;0.93017578125;-0.10595703125;-0.23876953125;0;2
7246;144;0.917724609375;-0.099609375;-0.23583984375;0;2
7294;145;0.916259765625;-0.118408203125;-0.233642578125;0;2
7346;146;0.9619140625;-0.122314453125;-0.333740234375;0;2
7399;147;0.802734375;-0.1240234375;-0.391845703125;0;2
7462;148;0.79052734375;-0.1279296875;-0.3212890625;0;2
7518;149;0.886962890625;-0.099609375;-0.26220703125;0;2
7555;150;0.869873046875;-0.145751953125;-0.38671875;0;2
7589;151;0.824462890625;-0.122802734375;-0.275146484375;0;2
7646;152;0.7265625;-0.139404296875;-0.220703125;0;2
7685;153;0.847900390625;-0.09619140625;-0.23291015625;0;2
7731;154;0.85009765625;-0.038818359375;-0.310302734375;0;2
7781;155;1.351806640625;-0.160888671875;-0.571044921875;0;2
7830;156;1.0615234375;-0.03564453125;-0.492431640625;0;2
7882;157;1.5966796875;-0.538818359375;-0.646484375;0;2
7984;158;2.357421875;-0.112060546875;-0.880859375;0;2
8060;159;2.400146484375;-0.27294921875;-0.95556640625;0;2
8103;160;-0.026611328125;-0.2861328125;-0.1826171875;0;2
8137;161;-0.392333984375;0.0615234375;-0.186767578125;0;2
8171;162;0.26025390625;-0.118896484375;-0.009033203125;0;2
8223;163;-0.092529296875;0.153564453125;0.16748046875;0;2
8273;164;0.134521484375;0.080322265625;0.143310546875;0;2
8341;165;0.026611328125;-0.182861328125;-0.1416015625;0;2
8382;166;0.166015625;-0.1318359375;-0.1552734375;0;2
8425;167;2.482177734375;-0.037353515625;-0.6845703125;0;2
8464;168;1.76025390625;-0.545166015625;-0.618896484375;0;2
8516;169;2.5400390625;-0.167236328125;-0.33349609375;0;2
8563;170;1.194091796875;-0.299560546875;-0.214111328125;0;2
8612;171;0.634521484375;-0.083251953125;-0.312744140625;0;2
8661;172;0.753173828125;-0.042236328125;-0.265869140625;0;2
8708;173;0.534912109375;-0.169921875;-0.135986328125;0;2
8775;174;0.90966796875;-0.123779296875;-0.15625;0;2
8814;175;1.060546875;-0.197998046875;-0.2255859375;0;2
8854;176;1.121826171875;-0.110595703125;-0.244873046875;0;2
8907;177;0.911376953125;-0.109619140625;-0.265380859375;0;2
8958;178;0.793212890625;-0.0615234375;-0.199462890625;0;2
9009;179;0.98583984375;-0.214111328125;-0.251708984375;0;2
9056;180;1.03564453125;-0.11328125;-0.236328125;0;2
9099;181;0.966064453125;-0.12451171875;-0.181640625;0;2
9149;182;0.963623046875;-0.190185546875;-0.163330078125;0;2
9194;183;0.98681640625;-0.193603515625;-0.17724609375;0;2
9245;184;0.93408203125;-0.110595703125;-0.2685546875;0;2
9303;185;0.925537109375;-0.10595703125;-0.1728515625;0;2
9346;186;0.937255859375;-0.1201171875;-0.2529296875;0;2
9401;187;0.9375;-0.11669921875;-0.2587890625;0;2
9439;188;0.86865234375;-0.115234375;-0.278076171875;0;2
9494;189;0.798095703125;-0.102783203125;-0.342041015625;0;2
9580;190;0.796142578125;-0.09521484375;-0.33056640625;0;2
9609;191;0.8095703125;-0.10498046875;-0.236083984375;0;2
9636;192;0.7265625;-0.1337890625;-0.382080078125;0;2
9683;193;0.88134765625;-0.195556640625;-0.2353515625;0;2
9732;194;0.841552734375;-0.0556640625;-0.303955078125;0;2
9816;195;1.007080078125;-0.199951171875;-0.239013671875;0;2
9871;196;0.74658203125;-0.05126953125;-0.36376953125;0;2
9940;197;1.43359375;-0.05859375;-0.439453125;0;2
9974;198;1.34814453125;-0.256591796875;-0.58447265625;0;2
10024;199;2.60546875;-0.236572265625;-0.680908203125;0;2
10075;200;2.7861328125;-0.18505859375;-1.031494140625;0;2
10128;201;1.0654296875;-0.179443359375;-0.5810546875;0;2
10172;202;-1.009521484375;0.271484375;0.027587890625;0;2
10248;203;-0.07958984375;-0.14599609375;-0.2666015625;0;2
10307;204;0.31005859375;0.274658203125;0.12646484375;0;2
10348;205;-0.010009765625;0.04638671875;0.32568359375;0;2
10369;206;0.087646484375;-0.1474609375;-0.028564453125;0;2
10416;207;-0.0703125;-0.01220703125;-0.0517578125;0;2
10470;208;0.71142578125;0.234375;-1.214599609375;0;2
10511;209;3.144775390625;-0.49951171875;0.0341796875;0;2
10562;210;1.89404296875;0.172607421875;-0.21142578125;0;2
10614;211;1.698486328125;-0.516357421875;-0.5107421875;0;2
10670;212;0.91552734375;-0.09912109375;-0.19970703125;0;2
10715;213;0.516357421875;0.073974609375;-0.20849609375;0;2
10759;214;0.667724609375;-0.102294921875;-0.103515625;0;2
10822;215;0.8173828125;-0.17529296875;-0.17431640625;0;2
10872;216;1.249755859375;-0.2412109375;-0.369384765625;0;2
10936;217;0.96728515625;-0.06103515625;-0.194580078125;0;2
11020;218;0.974365234375;-0.216552734375;-0.2802734375;0;2
11057;219;1.002197265625;-0.242431640625;-0.232177734375;0;2
11084;220;1.002197265625;-0.242431640625;-0.232177734375;0;2
11112;221;0.91162109375;-0.11328125;-0.263916015625;0;2
11145;222;0.9267578125;-0.193115234375;-0.22119140625;0;2
11195;223;1.008056640625;-0.2099609375;-0.235107421875;0;2
11243;224;0.908935546875;-0.107666015625;-0.24755859375;0;2
11291;225;0.927490234375;-0.188232421875;-0.236083984375;0;2
11340;226;0.9306640625;-0.096923828125;-0.23193359375;0;2
11391;227;0.908935546875;-0.095947265625;-0.24560546875;0;2
11438;228;0.96728515625;-0.10693359375;-0.3212890625;0;2
11499;229;0.896240234375;-0.096923828125;-0.306640625;0;2
11536;230;0.840576171875;-0.109619140625;-0.375;0;2
11588;231;0.701904296875;-0.125244140625;-0.236083984375;0;2
11667;232;0.69580078125;-0.14697265625;-0.271484375;0;2
11738;233;0.933349609375;-0.166259765625;-0.157470703125;0;2
11779;234;0.955810546875;-0.067138671875;-0.467529296875;0;2
11813;235;0.955810546875;-0.067138671875;-0.467529296875;0;2
11880;236;1.318359375;-0.072998046875;-0.328857421875;0;2
11926;237;1.4033203125;-0.0380859375;-0.583740234375;0;2
11988;238;2.050537109375;-0.21240234375;-0.55908203125;0;2
12068;239;2.688720703125;-0.1240234375;-0.890380859375;0;2
12115;240;2.15087890625;-0.340576171875;-1.007568359375;0;2
12141;241;0.2900390625;-0.0234375;-0.065185546875;0;2
12173;242;-0.965576171875;-0.093017578125;-0.493896484375;0;2
12219;243;0.22802734375;-0.19970703125;-0.048583984375;0;2
12265;244;-0.053466796875;-0.04150390625;0.41357421875;0;2
12316;245;0.073486328125;0.074462890625;0.036865234375;0;2
12366;246;0.042724609375;-0.111328125;-0.051513671875;0;2
12424;247;0.051513671875;0.07666015625;-0.0302734375;0;2
12503;248;0.748779296875;0.3291015625;-0.919921875;0;2
12670;249;0.727783203125;-0.0439453125;-0.17724609375;0;2
12719;250;0.64501953125;0.07958984375;-0.203369140625;0;2
12779;251;0.54150390625;-0.098388671875;-0.243408203125;0;2
12806;252;1.00830078125;-0.21484375;-0.220703125;0;2
12830;253;1.00830078125;-0.21484375;-0.220703125;0;2
12848;254;1.00830078125;-0.21484375;-0.220703125;0;2
12893;255;1.091796875;-0.114990234375;-0.278076171875;0;2
12929;256;1.0068359375;-0.132568359375;-0.104248046875;0;2
13002;257;0.92578125;-0.10693359375;-0.177001953125;0;2
13035;258;0.92578125;-0.10693359375;-0.177001953125;0;2
13078;259;0.935546875;-0.215087890625;-0.17822265625;0;2
13129;260;1.017578125;-0.104248046875;-0.26318359375;0;2
13187;261;0.937255859375;-0.12109375;-0.163818359375;0;2
13214;262;1.001953125;-0.208984375;-0.216796875;0;2
13238;263;1.001953125;-0.208984375;-0.216796875;0;2
13285;264;1.008056640625;-0.19287109375;-0.16650390625;0;2
13321;265;1.0146484375;-0.15576171875;-0.218017578125;0;2
13359;266;0.9248046875;-0.09912109375;-0.1689453125;0;2
13398;267;1.0029296875;-0.11376953125;-0.264892578125;0;2
13447;268;1.009521484375;-0.116943359375;-0.268310546875;0;2
13498;269;1.01220703125;-0.103759765625;-0.176513671875;0;2
13544;270;0.90966796875;-0.119140625;-0.27392578125;0;2
13596;271;0.915283203125;-0.194580078125;-0.2333984375;0;2
13634;272;0.861083984375;-0.197265625;-0.2998046875;0;2
13700;273;0.92431640625;-0.13525390625;-0.22412109375;0;2
13747;274;0.86572265625;-0.1298828125;-0.296142578125;0;2
13839;275;0.76904296875;-0.193359375;-0.378173828125;0;2
13894;276;0.63427734375;-0.188720703125;-0.336181640625;0;2
13976;277;0.805908203125;-0.1201171875;-0.210205078125;0;2
14062;278;0.883544921875;-0.14697265625;-0.279052734375;0;2
14118;279;1.07080078125;-0.136474609375;-0.35302734375;0;2
14143;280;0.927001953125;-0.235595703125;-0.283447265625;0;2
14181;281;1.251220703125;-0.045654296875;-0.49658203125;0;2
14207;282;1.251220703125;-0.045654296875;-0.49658203125;0;2
14262;283;1.647216796875;-0.2294921875;-0.710205078125;0;2
14298;284;2.380126953125;-0.382080078125;-0.867919921875;0;2
14336;285;2.388427734375;-0.31298828125;-1.197998046875;0;2
14424;286;-0.9609375;-0.001220703125;-0.1376953125;0;2
14450;287;-0.9609375;-0.001220703125;-0.1376953125;0;2
14501;288;0.138427734375;-0.01416015625;-0.266845703125;0;2
14552;289;-0.00439453125;0.059814453125;0.00634765625;0;2
14623;290;0.060546875;-0.19140625;0.00634765625;0;2
14652;291;0.060546875;-0.19140625;0.00634765625;0;2
14689;292;-0.023193359375;0.086181640625;-0.09326171875;0;2
14719;293;0.930419921875;-0.0888671875;-0.433349609375;0;2
14772;294;2.418212890625;-1.023193359375;-0.458740234375;0;2
14841;295;2.232177734375;0.265869140625;-0.359619140625;0;2
14882;296;1.552734375;-0.21533203125;-0.236083984375;0;2
14916;297;1.09130859375;-0.43994140625;-0.167724609375;0;2
14966;298;0.605712890625;0.073974609375;-0.11328125;0;2
150;1;-2.234375;-0.9921875;0.3828125;1;2
186;2;-2.5390625;-0.9609375;0.375;1;2
276;3;-2.4921875;0.9921875;0.15625;1;2
300;4;-2.9765625;-0.828125;0.5234375;1;2
323;5;-2.9765625;-0.828125;0.5234375;1;2
360;6;-2.859375;-0.65625;0.375;1;2
380;7;-2.96875;-0.7734375;0.453125;1;2
424;8;-2.859375;0.5390625;0.203125;1;2
475;9;-1.0078125;0.7578125;0.53125;1;2
534;10;-1.140625;-0.84375;0.6953125;1;2
574;11;-2.9296875;-0.4296875;0.1015625;1;2
621;12;-1.125;0.2890625;0.328125;1;2
667;13;-1.0078125;0.703125;0.5;1;2
729;14;-1.2734375;0.46875;0.328125;1;2
776;15;-2.9453125;0.390625;0.375;1;2
818;16;-1.0390625;0.21875;0.09375;1;2
862;17;-2.890625;0.09375;0.4296875;1;2
908;18;-1.125;-2.1171875;0.171875;1;2
960;19;-1.5078125;0.1328125;0.5078125;1;2
1011;20;-1.0625;0.4921875;0.4296875;1;2
1066;21;-1.3203125;0.6953125;0.59375;1;2
1126;22;-1.265625;-2.5390625;0.3359375;1;2
1189;23;-2.203125;-1.984375;0.2421875;1;2
1231;24;-2.453125;-1.4609375;0.1328125;1;2
1293;25;-2.7265625;-2.578125;0.2578125;1;2
1317;26;-1.7421875;0;0.3828125;1;2
1351;27;-3.2734375;0.953125;0.0234375;1;2
1398;28;-2.71875;8.203125;0.03125;1;2
1449;29;-1.9375;6.515625;-1.3984375;1;2
1496;30;-10.03125;12.8046875;0.078125;1;2
1569;31;-12.3359375;14.8828125;-0.4453125;1;2
1609;32;-2.375;6.9453125;3.0625;1;2
1655;33;3.609375;-34.2421875;4.5546875;1;2
1695;34;38.8203125;-39.359375;0.140625;1;2
1742;35;31.78125;-81.4921875;-1.640625;1;2
1791;36;39.3203125;-75.3671875;-8.6953125;1;2
1846;37;7.3515625;-43.2109375;-8.8671875;1;2
1885;38;-10.4453125;-8.5078125;-23.8984375;1;2
1936;39;-16.4140625;79.328125;-10.21875;1;2
1988;40;6.46875;81.890625;10.1953125;1;2
2033;41;-22.625;46.75;36.109375;1;2
2134;42;-18.3359375;103.8359375;8.25;1;2
2179;43;-40.0703125;14.1171875;-20.796875;1;2
2227;44;-9.375;-0.375;10.734375;1;2
2278;45;-8.8046875;-3.59375;4.2734375;1;2
2330;46;0.7578125;13.7265625;5.5625;1;2
2380;47;-10.21875;-4.5546875;0.1171875;1;2
2427;48;-29.3984375;-21.2421875;-49.234375;1;2
2478;49;8.8046875;10.671875;31.9765625;1;2
2526;50;-37.03125;-38.90625;-19.78125;1;2
2571;51;-2.6484375;9.2734375;7.140625;1;2
2618;52;-15.5078125;-13.015625;1.0625;1;2
2667;53;3.328125;-29.0703125;-4.53125;1;2
2713;54;2.4765625;0.3203125;3.6640625;1;2
2776;55;-6.90625;8.0078125;1.2109375;1;2
2813;56;-6.2265625;2.7578125;6.1484375;1;2
2859;57;-6.890625;-4.359375;0.0234375;1;2
2910;58;-2.203125;9.84375;2.6484375;1;2
2959;59;1.4921875;9.78125;2.671875;1;2
3009;60;5.8984375;3.25;0.9609375;1;2
3058;61;6.296875;1.40625;0.7734375;1;2
3104;62;1.734375;1.1953125;-0.625;1;2
3154;63;2.4609375;-1.8203125;2.2578125;1;2
3210;64;-0.5546875;-1.09375;2.5390625;1;2
3259;65;-0.6328125;-2.796875;-0.078125;1;2
3304;66;0.0859375;-1.1875;2.1328125;1;2
3349;67;-18.890625;5.484375;1.8125;1;2
3398;68;-36.1328125;3.359375;3.390625;1;2
3452;69;-22.4296875;-18.0546875;3.046875;1;2
3497;70;-10.109375;-40.3125;-3.5859375;1;2
3656;71;-6.09375;-46.3515625;-8.8828125;1;2
3671;72;-6.09375;-46.3515625;-8.8828125;1;2
3715;73;6.40625;-26.65625;-10.0546875;1;2
3765;74;-6.6953125;5.6875;-2.453125;1;2
3800;75;-0.8671875;75.1640625;8.265625;1;2
3822;76;-0.8671875;75.1640625;8.265625;1;2
3846;77;-1.4453125;70.4140625;8.515625;1;2
3887;78;-8.015625;48.21875;28.4140625;1;2
3939;79;7.5;81.96875;2.359375;1;2
4000;80;-13.8203125;13.234375;-1.546875;1;2
4085;81;-15.3984375;-2.4140625;21.109375;1;2
4150;82;-6.640625;-7.9375;1.9375;1;2
4207;83;24.1796875;6.59375;6.3125;1;2
4231;84;6.484375;-0.578125;-2.359375;1;2
4275;85;2.2421875;-34.3984375;-18.203125;1;2
4323;86;-16.140625;0.1328125;-36.703125;1;2
4374;87;-4.8203125;-0.984375;3.171875;1;2
4423;88;-12.25;-88.578125;-37.3125;1;2
4494;89;11.234375;26.9375;9.8984375;1;2
4542;90;-5.1640625;2;2.484375;1;2
4583;91;-5.6328125;-7.9296875;-0.7890625;1;2
4616;92;1.640625;-16.2734375;2.6171875;1;2
4666;93;0.9609375;-3.2890625;-6.09375;1;2
4713;94;-12.34375;13.265625;0.9921875;1;2
4763;95;-7.6796875;5.3984375;-3.234375;1;2
4815;96;-4.8046875;0.9765625;-1.1953125;1;2
4858;97;1.46875;-0.0546875;-4.09375;1;2
4913;98;-0.703125;0.21875;-1.921875;1;2
4975;99;-1.421875;-2.296875;0.921875;1;2
5023;100;-4.984375;-1.8203125;-0.7265625;1;2
5079;101;-3.828125;-2.8984375;-1.078125;1;2
5152;102;-4.890625;-1.5859375;-1.3203125;1;2
5181;103;-3.0859375;-1.03125;-1.4921875;1;2
5207;104;-3.75;2.046875;-2.046875;1;2
5262;105;-5.203125;1.1328125;0.8203125;1;2
5298;106;-5.5625;0.4609375;-0.453125;1;2
5346;107;-3.3671875;-5.0859375;3.3515625;1;2
5395;108;3.109375;-17.1015625;0.8046875;1;2
5458;109;12.0234375;-25.640625;-5.234375;1;2
5499;110;21.3671875;-42.2265625;-2.03125;1;2
5560;111;-1.703125;-73.0078125;18.796875;1;2
5595;112;18.9375;-86.6328125;16.9453125;1;2
5652;113;-40.953125;-56.40625;23.25;1;2
5708;114;-6.421875;-15.9609375;10.953125;1;2
5761;115;11.1640625;59.71875;-5.5234375;1;2
5817;116;6.8046875;78.546875;-11.3125;1;2
5863;117;-6.4375;41.7265625;16.234375;1;2
5892;118;-46.0390625;87.1015625;-1.0390625;1;2
5932;119;-15.6171875;50.2109375;-29.078125;1;2
6036;120;-25.921875;-2.609375;6.5390625;1;2
6090;121;-14.4609375;1.9375;1.9375;1;2
6133;122;17.6796875;15.390625;5.5;1;2
6182;123;20.75;7.5;1.1171875;1;2
6229;124;23.2109375;-5.7109375;-3.09375;1;2
6279;125;-8.0390625;-61.0859375;-56.046875;1;2
6323;126;49.515625;-12.9453125;36.5078125;1;2
6372;127;21.09375;-30.3984375;-27.0390625;1;2
6425;128;24.390625;-9.5546875;-9.40625;1;2
6482;129;12.4453125;6.7578125;12.84375;1;2
6514;130;-20.2578125;-13.5;-14.0546875;1;2
6568;131;-9.546875;-39.1796875;-3.71875;1;2
6618;132;5.3984375;10.4921875;-3.4453125;1;2
6666;133;-0.5078125;12.3125;-4.109375;1;2
6721;134;9.546875;0.265625;0.0859375;1;2
6773;135;8.3515625;1.0078125;-3.296875;1;2
6810;136;3.578125;8.15625;-1.5234375;1;2
6863;137;-1.3515625;-2.4140625;-2.2734375;1;2
6931;138;-8.515625;-1.1328125;-2.6484375;1;2
6965;139;-4.421875;-0.7578125;0.296875;1;2
7007;140;-6.65625;0.2109375;0.3828125;1;2
7058;141;-7.5390625;-4.65625;-0.1171875;1;2
7103;142;-6.9453125;-3.2421875;2.3203125;1;2
7155;143;-6.859375;-1.859375;-0.9375;1;2
7215;144;-5.7890625;0.40625;0.5625;1;2
7249;145;-8.015625;0.03125;-0.640625;1;2
7297;146;-8.2421875;-1.6953125;0.5625;1;2
7351;147;-8.578125;-2.7734375;0.1328125;1;2
7406;148;-6.9453125;-7.5390625;-4.796875;1;2
7468;149;-1.8203125;-15.0546875;-3.609375;1;2
7522;150;-2.6640625;-19.4921875;-5.3203125;1;2
7559;151;-8.3671875;-24.9765625;-9.8359375;1;2
7592;152;-4.9453125;-21.5078125;0.90625;1;2
7650;153;5.0234375;-31.5390625;6.0625;1;2
7688;154;6.984375;-42.265625;5.359375;1;2
7735;155;2.875;-34.6640625;15.6875;1;2
7783;156;4.5;-15.9921875;-5.0078125;1;2
7833;157;4.1875;-5.625;-15.421875;1;2
7885;158;8.171875;70.4453125;4.3671875;1;2
7990;159;8.15625;51.84375;-8.7734375;1;2
8064;160;-0.8984375;38.9765625;42.2109375;1;2
8106;161;-14.4765625;107.2109375;5.4375;1;2
8140;162;-36.03125;8;-2.0390625;1;2
8174;163;-36.875;2.75;5.828125;1;2
8230;164;-14.71875;12.90625;7.546875;1;2
8283;165;0.4453125;7.6875;19.265625;1;2
8346;166;14.203125;17.296875;7.828125;1;2
8388;167;-7.4140625;14.640625;-2.3203125;1;2
8428;168;-29.7890625;-24.5234375;-48.2421875;1;2
8470;169;21.078125;25.859375;23.546875;1;2
8519;170;-5.546875;2.1015625;-1.8359375;1;2
8566;171;-8.296875;-1.9375;-15.0546875;1;2
8615;172;15.1953125;-6.359375;4.5390625;1;2
8663;173;-0.921875;-5.453125;-2.203125;1;2
8713;174;-3.6875;-1;-2.296875;1;2
8779;175;-7.375;-10.7109375;-7.1796875;1;2
8816;176;-12.9140625;1.8984375;-10.421875;1;2
8857;177;-13.375;3.0859375;-4.0390625;1;2
8910;178;-6.78125;3.8984375;3.578125;1;2
8967;179;-3.7734375;-5.9765625;-4.1484375;1;2
9014;180;0.078125;-14.5234375;-4.6328125;1;2
9060;181;-0.8515625;-4.4296875;-2.828125;1;2
9103;182;-0.1875;0.421875;-2.421875;1;2
9153;183;4.3828125;-3.4453125;-1.140625;1;2
9198;184;1.25;0.9140625;-1.21875;1;2
9250;185;2.234375;6.40625;0.078125;1;2
9306;186;1.703125;1.3359375;-2.5546875;1;2
9351;187;3.8203125;-2.1484375;-1.171875;1;2
9404;188;6.0859375;-2.84375;-1.4609375;1;2
9442;189;4.7890625;-7.375;0.46875;1;2
9500;190;6.1328125;-11.9921875;1.140625;1;2
9584;191;4.875;-19.8125;-1.34375;1;2
9613;192;6.8984375;-33.234375;-0.5703125;1;2
9638;193;5.3359375;-43.734375;-4.9765625;1;2
9687;194;10.5859375;-47.359375;1.84375;1;2
9736;195;15.1171875;-50.8125;-0.3671875;1;2
9821;196;4.4765625;-34.6015625;9.7265625;1;2
9875;197;7.7578125;-11.3125;0.1640625;1;2
9942;198;-0.2890625;2.7734375;2.5546875;1;2
9978;199;0.25;42.1875;-16.9296875;1;2
10026;200;15.890625;82.96875;3.15625;1;2
10081;201;32.171875;79.453125;30.9921875;1;2
10132;202;-16.1171875;106.8203125;19.71875;1;2
10182;203;-45.78125;38.4609375;-20.6015625;1;2
10254;204;-42.3828125;-26.765625;6.109375;1;2
10311;205;-29.25;-12.953125;3.0390625;1;2
10351;206;8.0390625;10.046875;4.8984375;1;2
10371;207;5.71875;24.78125;-0.671875;1;2
10418;208;-1.1796875;22.625;14.5625;1;2
10472;209;-23.15625;-98.5;-9.25;1;2
10516;210;-26.7421875;46.3203125;-35.2109375;1;2
10567;211;12.6640625;-8.4296875;1.8515625;1;2
10621;212;-6.2890625;-13.375;-13.4140625;1;2
10673;213;-20.765625;4.5390625;8.640625;1;2
10719;214;-7.03125;-13.2578125;5.0546875;1;2
10766;215;-3.2890625;-24.453125;-3.03125;1;2
10825;216;-17.765625;-15.5;-12.8203125;1;2
10880;217;-17.328125;-17.609375;-13.8125;1;2
10950;218;3.1953125;5.609375;4.0546875;1;2
11025;219;3.359375;-8.984375;-1.7890625;1;2
11060;220;0.3671875;-1;-3.8515625;1;2
11086;221;0.3671875;-1;-3.8515625;1;2
11114;222;0.21875;2.734375;-1.6171875;1;2
11153;223;-3.96875;0.2421875;-2.078125;1;2
11197;224;-1.1640625;2.6953125;0.453125;1;2
11245;225;1.8203125;4.421875;1.4453125;1;2
11295;226;-0.140625;1.8671875;-0.421875;1;2
11342;227;2.2734375;3.515625;-1;1;2
11398;228;4.2421875;6.4921875;-0.7734375;1;2
11441;229;5.234375;6.90625;0.9140625;1;2
11502;230;8.046875;3.6796875;0.359375;1;2
11544;231;10.53125;4.484375;10.328125;1;2
11594;232;15.765625;-9.7265625;11.515625;1;2
11673;233;12.3359375;-38.2578125;0.0859375;1;2
11741;234;3.625;-58.546875;9.65625;1;2
11784;235;13.1328125;-44.625;24.9296875;1;2
11814;236;13.1328125;-44.625;24.9296875;1;2
11883;237;18.2265625;-16.78125;-10.9453125;1;2
11929;238;13.171875;13.9921875;12.125;1;2
11993;239;-29.640625;73.84375;-16.375;1;2
12076;240;-0.6953125;67.765625;-18.296875;1;2
12120;241;-2.0625;8.484375;-1.140625;1;2
12143;242;2.7578125;131.8046875;-14.9921875;1;2
12177;243;32.71875;-28.5703125;-4.875;1;2
12222;244;-37.859375;-14.984375;-4.5859375;1;2
12269;245;-21.234375;1.6796875;12.4296875;1;2
12319;246;20.7265625;-3.765625;8.109375;1;2
12377;247;5.2109375;1.5546875;-10.8671875;1;2
12434;248;5.09375;16.4140625;8.625;1;2
12508;249;-52.4140625;-55.140625;-11.9921875;1;2
12676;250;-17.8359375;-12.9296875;-14.046875;1;2
12723;251;-0.828125;-16.59375;-1.59375;1;2
12781;252;12.890625;-29.4609375;1.5234375;1;2
12808;253;-4.5234375;-24.2578125;0.0546875;1;2
12832;254;-4.5234375;-24.2578125;0.0546875;1;2
12849;255;-4.5234375;-24.2578125;0.0546875;1;2
12896;256;-6.5;2.9140625;-3.828125;1;2
12932;257;-13.9296875;4.5859375;-6.109375;1;2
13009;258;-2.3359375;1.2109375;-6.015625;1;2
13036;259;-2.3359375;1.2109375;-6.015625;1;2
13082;260;-2.953125;6.7421875;-2.6796875;1;2
13134;261;-10.5390625;11.640625;-0.8515625;1;2
13191;262;-12.203125;11.03125;3.984375;1;2
13216;263;-15;7.9140625;2.90625;1;2
13240;264;-15;7.9140625;2.90625;1;2
13289;265;-15.453125;5.265625;1.1796875;1;2
13324;266;-14.28125;2;2.6796875;1;2
13362;267;-3.140625;-1.7734375;-0.8828125;1;2
13401;268;-2.96875;-8.015625;-0.203125;1;2
13449;269;-6.0703125;-2.4296875;2.5078125;1;2
13500;270;-3.1171875;0.71875;0.1953125;1;2
13548;271;-4.578125;-8.5625;-0.53125;1;2
13599;272;-3.1328125;-9.734375;-0.0625;1;2
13637;273;-1.2265625;-17.03125;4.7578125;1;2
13705;274;4.40625;-12.8671875;1.21875;1;2
13751;275;12.7890625;-17.2265625;-5.21875;1;2
13841;276;5.1640625;-25.25;-5.0703125;1;2
13899;277;11.59375;-54.4453125;2.3828125;1;2
13979;278;10.90625;-70.0078125;-0.796875;1;2
14068;279;6.0234375;-35.0390625;-1.015625;1;2
14124;280;9.640625;-33.28125;-3.2109375;1;2
14147;281;-18.3125;0.546875;-0.25;1;2
14184;282;9.3828125;11.890625;-1.0078125;1;2
14208;283;9.3828125;11.890625;-1.0078125;1;2
14266;284;13.28125;57.171875;-9.3671875;1;2
14301;285;10.5234375;81.453125;-20.1328125;1;2
14341;286;-2.5546875;38.921875;12.4765625;1;2
14427;287;-18.2734375;78.5390625;-11.3828125;1;2
14453;288;-18.2734375;78.5390625;-11.3828125;1;2
14507;289;-19.6875;-4.140625;17.015625;1;2
14557;290;-14.59375;7.6015625;-1.5625;1;2
14628;291;-9.3203125;6.9921875;-2.734375;1;2
14653;292;-9.3203125;6.9921875;-2.734375;1;2
14692;293;-3.7578125;23.6171875;3.3671875;1;2
14722;294;-43;-58.46875;-13.703125;1;2
14780;295;-4.0390625;103.3046875;16.90625;1;2
14843;296;22.03125;-57.921875;-7.109375;1;2
14884;297;19.203125;-0.578125;-2.140625;1;2
14918;298;-8.4296875;4.484375;6.1796875;1;2
14970;299;0.0546875;-10.34375;-2.203125;1;2
159;1;-109.3333358764648;91;104;2;2
189;2;-117;93.66666412353516;65;2;2
280;3;-146.3333282470703;85.5;99.33333587646484;2;2
302;4;-147.1666717529297;42.33333206176758;100.5;2;2
325;5;-147.1666717529297;42.33333206176758;100.5;2;2
363;6;-118.6666641235352;90.83333587646484;66.5;2;2
382;7;-119.1666641235352;93;65.16666412353516;2;2
428;8;-107.3333358764648;42.33333206176758;99;2;2
478;9;-148.8333282470703;41.66666793823242;99;2;2
537;10;-148.1666717529297;85.66666412353516;99.16666412353516;2;2
576;11;-148.8333282470703;85.5;97.83333587646484;2;2
623;12;-148.1666717529297;85.66666412353516;98.5;2;2
670;13;-116.5;92.66666412353516;65.16666412353516;2;2
735;14;-117.5;90;66.16666412353516;2;2
778;15;-149;41.83333206176758;99.66666412353516;2;2
820;16;-118.6666641235352;91.66666412353516;66.16666412353516;2;2
865;17;-121;91.33333587646484;65.33333587646484;2;2
910;18;-118.6666641235352;91.33333587646484;106.5;2;2
968;19;-117.6666641235352;90.33333587646484;65.16666412353516;2;2
1016;20;-117.8333358764648;89.66666412353516;66.16666412353516;2;2
1070;21;-118.8333358764648;93.5;106.3333358764648;2;2
1132;22;-118.1666641235352;92;65.83333587646484;2;2
1191;23;-148;41.66666793823242;99.33333587646484;2;2
1234;24;-116.6666641235352;91.66666412353516;64.16666412353516;2;2
1295;25;-118.1666641235352;90.5;66.83333587646484;2;2
1318;26;-147.3333282470703;86;98.5;2;2
1353;27;-149;41;98.5;2;2
1401;28;-146.6666717529297;85.33333587646484;99.66666412353516;2;2
1452;29;-117;93.33333587646484;67.33333587646484;2;2
1501;30;-107.3333358764648;42.33333206176758;99;2;2
1571;31;-149.1666717529297;42.33333206176758;98.66666412353516;2;2
1612;32;-117.8333358764648;90.5;106.5;2;2
1658;33;-118.1666641235352;90.5;105.6666641235352;2;2
1697;34;-149;41.33333206176758;99.66666412353516;2;2
1744;35;-117.8333358764648;92.5;66.16666412353516;2;2
1793;36;-147.3333282470703;86;103.5;2;2
1849;37;-146.8333282470703;87.5;103.1666641235352;2;2
1887;38;-146.6666717529297;87.33333587646484;65.83333587646484;2;2
1940;39;-147;86;74.66666412353516;2;2
1990;40;-109.3333358764648;89.83333587646484;76.33333587646484;2;2
2035;41;-107.1666641235352;93.33333587646484;65.83333587646484;2;2
2136;42;-147.6666717529297;85.5;100.1666641235352;2;2
2184;43;-148.3333282470703;85.5;96;2;2
2230;44;-147.8333282470703;41.33333206176758;90;2;2
2282;45;-120;88.33333587646484;102.1666641235352;2;2
2332;46;-120.8333358764648;89.83333587646484;98.66666412353516;2;2
2382;47;-108.1666641235352;41.16666793823242;91.66666412353516;2;2
2429;48;-107.1666641235352;41.33333206176758;92.66666412353516;2;2
2480;49;-118.1666641235352;89.33333587646484;102.3333358764648;2;2
2528;50;-118;89.5;102.1666641235352;2;2
2573;51;-120;91;105.5;2;2
2619;52;-107.3333358764648;85.5;96.66666412353516;2;2
2669;53;-120.6666641235352;90.83333587646484;64.66666412353516;2;2
2715;54;-118.1666641235352;92.5;65.83333587646484;2;2
2778;55;-148.1666717529297;41;97.66666412353516;2;2
2816;56;-107.1666641235352;85.33333587646484;99.16666412353516;2;2
2862;57;-107.3333358764648;41.66666793823242;95.5;2;2
2912;58;-106.8333358764648;41.66666793823242;97.5;2;2
2962;59;-149;85.33333587646484;97.66666412353516;2;2
3012;60;-107.3333358764648;41.66666793823242;96.33333587646484;2;2
3061;61;-119;91.66666412353516;104.1666641235352;2;2
3106;62;-107.6666641235352;40.33333206176758;94.83333587646484;2;2
3156;63;-120.6666641235352;89.66666412353516;104.1666641235352;2;2
3213;64;-148.3333282470703;42;94.33333587646484;2;2
3261;65;-108.6666641235352;41.83333206176758;94.66666412353516;2;2
3306;66;-107.6666641235352;85.5;94;2;2
3352;67;-122;90.33333587646484;105.1666641235352;2;2
3401;68;-149.3333282470703;41;96.5;2;2
3457;69;-149.1666717529297;86.33333587646484;96;2;2
3499;70;-109.5;40.66666793823242;96.16666412353516;2;2
3660;71;-118.5;91;68.33333587646484;2;2
3672;72;-118.5;91;68.33333587646484;2;2
3718;73;-117.8333358764648;90.83333587646484;70.33333587646484;2;2
3773;74;-107.5;42.16666793823242;105;2;2
3802;75;-116.6666641235352;90;75;2;2
3824;76;-116.6666641235352;90;75;2;2
3848;77;-149.1666717529297;42.33333206176758;106.3333358764648;2;2
3890;78;-113;89.33333587646484;66.83333587646484;2;2
3943;79;-116.5;88.66666412353516;67.16666412353516;2;2
4004;80;-115.6666641235352;91;102.1666641235352;2;2
4090;81;-109.3333358764648;86.33333587646484;93.33333587646484;2;2
4154;82;-110.1666641235352;42;92.83333587646484;2;2
4209;83;-122.1666641235352;88.5;101.1666641235352;2;2
4233;84;-112.6666641235352;41.83333206176758;92.66666412353516;2;2
4279;85;-111.5;39.33333206176758;92.66666412353516;2;2
4325;86;-123.6666641235352;90.33333587646484;103.1666641235352;2;2
4377;87;-108.1666641235352;42;95.16666412353516;2;2
4425;88;-119.6666641235352;89.5;103.1666641235352;2;2
4502;89;-106.8333358764648;40;96;2;2
4545;90;-121;91.33333587646484;106.1666641235352;2;2
4585;91;-109.3333358764648;40.33333206176758;97.83333587646484;2;2
4618;92;-110.3333358764648;41;96.5;2;2
4671;93;-122.6666641235352;90;105.3333358764648;2;2
4715;94;-109.6666641235352;41.66666793823242;96;2;2
4766;95;-121.8333358764648;88.83333587646484;105;2;2
4817;96;-123.3333358764648;90;105.3333358764648;2;2
4860;97;-107.5;41;96.83333587646484;2;2
4915;98;-106.8333358764648;41.16666793823242;95.16666412353516;2;2
4978;99;-122;91.83333587646484;104.3333358764648;2;2
5026;100;-121.1666641235352;90.33333587646484;104;2;2
5091;101;-109.6666641235352;41.66666793823242;97.5;2;2
5155;102;-123;90.83333587646484;105.6666641235352;2;2
5183;103;-108.3333358764648;41.33333206176758;97.66666412353516;2;2
5209;104;-121.8333358764648;90.5;104.1666641235352;2;2
5264;105;-120.6666641235352;89.66666412353516;104.6666641235352;2;2
5301;106;-120.1666641235352;91.66666412353516;105;2;2
5348;107;-120.8333358764648;90.33333587646484;106.3333358764648;2;2
5398;108;-109.1666641235352;41.83333206176758;98;2;2
5461;109;-107.3333358764648;41.16666793823242;97.5;2;2
5500;110;-122.1666641235352;90.5;67.33333587646484;2;2
5562;111;-107.6666641235352;86.33333587646484;99.33333587646484;2;2
5599;112;-108.1666641235352;40.33333206176758;101;2;2
5656;113;-108.1666641235352;40.83333206176758;104.3333358764648;2;2
5711;114;-107.5;40.66666793823242;66.83333587646484;2;2
5765;115;-107.6666641235352;40.33333206176758;68.33333587646484;2;2
5821;116;-117.6666641235352;89.5;80.5;2;2
5865;117;-115.6666641235352;89;70.16666412353516;2;2
5893;118;-116.5;85.83333587646484;66.66666412353516;2;2
5935;119;-115;90.83333587646484;106.5;2;2
6039;120;-108.6666641235352;40.66666793823242;96.83333587646484;2;2
6091;121;-110.1666641235352;42;95.5;2;2
6136;122;-110.8333358764648;39.66666793823242;95.5;2;2
6185;123;-112;40;93.33333587646484;2;2
6232;124;-109.8333358764648;41.83333206176758;94.66666412353516;2;2
6281;125;-122.8333358764648;89;101.3333358764648;2;2
6326;126;-108.1666641235352;40.33333206176758;94.83333587646484;2;2
6374;127;-121.6666641235352;89.83333587646484;105.1666641235352;2;2
6430;128;-108.6666641235352;41.83333206176758;97.66666412353516;2;2
6484;129;-107.1666641235352;39;99.16666412353516;2;2
6515;130;-109.3333358764648;40;97.5;2;2
6571;131;-109.1666641235352;41.33333206176758;97.66666412353516;2;2
6621;132;-108.1666641235352;41.16666793823242;99.33333587646484;2;2
6668;133;-108.6666641235352;39.83333206176758;99.16666412353516;2;2
6726;134;-120.8333358764648;89.83333587646484;66.33333587646484;2;2
6775;135;-109.1666641235352;41.83333206176758;97.33333587646484;2;2
6812;136;-108.3333358764648;86;98.5;2;2
6868;137;-108.3333358764648;85.66666412353516;98;2;2
6934;138;-108.6666641235352;39.83333206176758;97.66666412353516;2;2
6967;139;-106.8333358764648;41.16666793823242;97.5;2;2
7011;140;-107.3333358764648;40.33333206176758;97.5;2;2
7062;141;-108.3333358764648;41.83333206176758;97.66666412353516;2;2
7105;142;-107.6666641235352;40.83333206176758;99;2;2
7158;143;-121.8333358764648;90.5;66.83333587646484;2;2
7216;144;-107.1666641235352;42.16666793823242;97.33333587646484;2;2
7251;145;-108.1666641235352;40;99.33333587646484;2;2
7300;146;-107.3333358764648;42;99;2;2
7355;147;-118.8333358764648;89.83333587646484;65.16666412353516;2;2
7411;148;-107.6666641235352;42;99;2;2
7471;149;-107.6666641235352;42;99;2;2
7525;150;-106.8333358764648;42;102.5;2;2
7561;151;-149.3333282470703;40.66666793823242;102.6666641235352;2;2
7595;152;-118;90.33333587646484;69.33333587646484;2;2
7652;153;-148.8333282470703;41.16666793823242;104;2;2
7691;154;-119.8333358764648;90.5;74.16666412353516;2;2
7737;155;-116;92.66666412353516;73.66666412353516;2;2
7785;156;-109.3333358764648;38;65.5;2;2
7836;157;-113.5;87.33333587646484;75.33333587646484;2;2
7888;158;-112.5;91.5;75.16666412353516;2;2
8000;159;-147.3333282470703;87.33333587646484;68;2;2
8066;160;-148.3333282470703;85.5;105.1666641235352;2;2
8109;161;-121.3333358764648;90.5;68;2;2
8143;162;-123.1666641235352;91;67.16666412353516;2;2
8175;163;-111.5;41.33333206176758;95.83333587646484;2;2
8232;164;-123.6666641235352;88.33333587646484;106.3333358764648;2;2
8288;165;-112.5;39.66666793823242;96.66666412353516;2;2
8349;166;-123.1666641235352;87.83333587646484;103.6666641235352;2;2
8392;167;-113;40.16666793823242;94.16666412353516;2;2
8430;168;-124.6666641235352;90;102.6666641235352;2;2
8475;169;-111.3333358764648;40.33333206176758;96.33333587646484;2;2
8521;170;-110.1666641235352;41.66666793823242;96.66666412353516;2;2
8569;171;-110.6666641235352;40.66666793823242;95.33333587646484;2;2
8618;172;-110.3333358764648;41;96.83333587646484;2;2
8666;173;-108.8333358764648;40.83333206176758;96;2;2
8716;174;-108.8333358764648;41.16666793823242;96.66666412353516;2;2
8781;175;-124.6666641235352;88.83333587646484;65;2;2
8818;176;-110.1666641235352;39.66666793823242;96.66666412353516;2;2
8860;177;-108.6666641235352;39.33333206176758;96.5;2;2
8912;178;-110.3333358764648;40.66666793823242;95.83333587646484;2;2
8971;179;-109.6666641235352;42.33333206176758;96.66666412353516;2;2
9016;180;-124.6666641235352;90.5;65;2;2
9062;181;-109.1666641235352;40.66666793823242;100;2;2
9105;182;-110.3333358764648;41;96.5;2;2
9156;183;-110.1666641235352;40;99;2;2
9200;184;-122.1666641235352;90;66.83333587646484;2;2
9252;185;-108.8333358764648;42.33333206176758;99;2;2
9309;186;-108.5;40.33333206176758;99;2;2
9354;187;-108.5;40;100.1666641235352;2;2
9406;188;-109.3333358764648;42.33333206176758;99;2;2
9444;189;-108.8333358764648;40.83333206176758;99.83333587646484;2;2
9509;190;-117.6666641235352;89;67.16666412353516;2;2
9587;191;-107.8333358764648;85.66666412353516;99.16666412353516;2;2
9614;192;-121.3333358764648;92;66.16666412353516;2;2
9640;193;-109.8333358764648;41.83333206176758;100.3333358764648;2;2
9690;194;-117.6666641235352;89.83333587646484;69.83333587646484;2;2
9740;195;-111.8333358764648;38.16666793823242;64.66666412353516;2;2
9825;196;-117.5;41.33333206176758;71.16666412353516;2;2
9881;197;-114;90.33333587646484;71.33333587646484;2;2
9943;198;-109.3333358764648;42;66.66666412353516;2;2
9983;199;-148.6666717529297;40.16666793823242;68.5;2;2
10031;200;-149.1666717529297;40;68.33333587646484;2;2
10085;201;-120.6666641235352;90.83333587646484;70.83333587646484;2;2
10135;202;-123;89.33333587646484;65.33333587646484;2;2
10187;203;-113.3333358764648;40.83333206176758;96;2;2
10259;204;-114;39.66666793823242;91;2;2
10315;205;-111.3333358764648;38;92.16666412353516;2;2
10353;206;-112;39.16666793823242;94;2;2
10373;207;-112.5;40;93.33333587646484;2;2
10420;208;-126.1666641235352;89.33333587646484;102.3333358764648;2;2
10474;209;-113.5;40.66666793823242;91.5;2;2
10518;210;-113;39.33333206176758;92.66666412353516;2;2
10571;211;-109.5;40.66666793823242;96.16666412353516;2;2
10626;212;-122.3333358764648;89;102.1666641235352;2;2
10675;213;-110.1666641235352;39.66666793823242;96.33333587646484;2;2
10722;214;-109.8333358764648;41.33333206176758;98.5;2;2
10772;215;-110.1666641235352;40.33333206176758;98.33333587646484;2;2
10827;216;-123.1666641235352;91.5;65.16666412353516;2;2
10886;217;-111;85.33333587646484;99.16666412353516;2;2
10961;218;-122.8333358764648;89.83333587646484;68.33333587646484;2;2
11027;219;-108.5;40.83333206176758;102.5;2;2
11062;220;-108.6666641235352;40.66666793823242;102.3333358764648;2;2
11088;221;-108.6666641235352;40.66666793823242;102.3333358764648;2;2
11115;222;-149.1666717529297;41.16666793823242;101;2;2
11156;223;-107.5;38.66666793823242;100.6666641235352;2;2
11199;224;-108.3333358764648;41;100.3333358764648;2;2
11247;225;-121.3333358764648;90.5;68.5;2;2
11297;226;-109.8333358764648;41.83333206176758;100.6666641235352;2;2
11343;227;-108.3333358764648;40.16666793823242;100.6666641235352;2;2
11402;228;-109.1666641235352;40.66666793823242;97.66666412353516;2;2
11442;229;-109.8333358764648;40.16666793823242;100;2;2
11505;230;-120.8333358764648;89;66;2;2
11546;231;-109.5;39;99.66666412353516;2;2
11598;232;-110.8333358764648;40.33333206176758;98.33333587646484;2;2
11679;233;-111.3333358764648;40.83333206176758;98.66666412353516;2;2
11743;234;-116.8333358764648;86.66666412353516;69.33333587646484;2;2
11788;235;-114.3333358764648;90.83333587646484;68;2;2
11816;236;-114.3333358764648;90.83333587646484;68;2;2
11886;237;-112;40.33333206176758;105.5;2;2
11931;238;-107.3333358764648;39.66666793823242;65.16666412353516;2;2
11996;239;-109.5;40.16666793823242;64.66666412353516;2;2
12080;240;-120.3333358764648;89;74;2;2
12123;241;-122.1666641235352;90.83333587646484;66.83333587646484;2;2
12147;242;-125.1666641235352;90.66666412353516;66.66666412353516;2;2
12180;243;-110.5;41.66666793823242;94.33333587646484;2;2
12223;244;-110.1666641235352;40.33333206176758;92.16666412353516;2;2
12271;245;-124;88.33333587646484;102.1666641235352;2;2
12322;246;-112.3333358764648;39.83333206176758;95.33333587646484;2;2
12383;247;-125;88;103.5;2;2
12442;248;-112.8333358764648;40.33333206176758;96.66666412353516;2;2
12511;249;-112.5;40.83333206176758;94.83333587646484;2;2
12680;250;-121.8333358764648;90;105.6666641235352;2;2
12725;251;-107.6666641235352;41.16666793823242;99.33333587646484;2;2
12783;252;-109.6666641235352;42.33333206176758;97.83333587646484;2;2
12810;253;-109.5;41.33333206176758;100;2;2
12833;254;-109.5;41.33333206176758;100;2;2
12851;255;-109.5;41.33333206176758;100;2;2
12898;256;-149.3333282470703;40.66666793823242;98;2;2
12934;257;-107.8333358764648;41.33333206176758;101.1666641235352;2;2
13011;258;-119.6666641235352;91.5;66.66666412353516;2;2
13039;259;-119.6666641235352;91.5;66.66666412353516;2;2
13085;260;-123;88.83333587646484;65.83333587646484;2;2
13138;261;-149.3333282470703;85.33333587646484;99.66666412353516;2;2
13196;262;-107.8333358764648;41;99.16666412353516;2;2
13217;263;-120.1666641235352;90.5;65.83333587646484;2;2
13241;264;-120.1666641235352;90.5;65.83333587646484;2;2
13291;265;-107.1666641235352;41;98.83333587646484;2;2
13325;266;-122.6666641235352;89.66666412353516;64.66666412353516;2;2
13363;267;-107.3333358764648;40.83333206176758;97.16666412353516;2;2
13405;268;-108.1666641235352;39.66666793823242;98.66666412353516;2;2
13451;269;-108.8333358764648;39.16666793823242;98.33333587646484;2;2
13502;270;-108.3333358764648;40.66666793823242;99.16666412353516;2;2
13551;271;-109.1666641235352;41;98;2;2
13601;272;-109.8333358764648;86.5;96.83333587646484;2;2
13639;273;-112;38;103.1666641235352;2;2
13709;274;-117.1666641235352;85.83333587646484;64;2;2
13755;275;-115.6666641235352;91;64.83333587646484;2;2
13842;276;-109.8333358764648;86.5;103;2;2
13901;277;-149;42.16666793823242;103.5;2;2
13984;278;-108.5;39.66666793823242;105.5;2;2
14071;279;-119;88.83333587646484;71.83333587646484;2;2
14129;280;-119.5;88.83333587646484;77.66666412353516;2;2
14148;281;-119.5;89.66666412353516;80;2;2
14187;282;-147.6666717529297;40.33333206176758;71;2;2
14210;283;-147.6666717529297;40.33333206176758;71;2;2
14275;284;-147.6666717529297;39.16666793823242;72.16666412353516;2;2
14306;285;-148.8333282470703;40.33333206176758;71.66666412353516;2;2
14347;286;-148;42;64;2;2
14429;287;-110.1666641235352;41.66666793823242;104;2;2
14457;288;-110.1666641235352;41.66666793823242;104;2;2
14511;289;-109.8333358764648;42.16666793823242;96.83333587646484;2;2
14561;290;-109.8333358764648;39.33333206176758;95.33333587646484;2;2
14630;291;-110.5;40;96.66666412353516;2;2
14657;292;-110.5;40;96.66666412353516;2;2
14694;293;-111.6666641235352;41.16666793823242;94;2;2
14723;294;-109.6666641235352;40.33333206176758;93.33333587646484;2;2
14783;295;-121.3333358764648;88;105.6666641235352;2;2
14846;296;-109.8333358764648;41;95.33333587646484;2;2
14886;297;-108.5;38.83333206176758;97.16666412353516;2;2
14920;298;-109.5;40.66666793823242;96.5;2;2
14974;299;-108.3333358764648;41.33333206176758;95.33333587646484;2;2
5;0;-0.958984375;-0.04638671875;0.394775390625;0;3
176;1;-0.960205078125;-0.038330078125;0.391845703125;0;3
205;2;-0.962158203125;-0.042724609375;0.398681640625;0;3
228;3;-0.962158203125;-0.042724609375;0.398681640625;0;3
290;4;-0.962158203125;-0.04345703125;0.398681640625;0;3
309;5;-0.962158203125;-0.04345703125;0.398681640625;0;3
338;6;-0.957763671875;-0.039794921875;0.39599609375;0;3
366;7;-0.957763671875;-0.039794921875;0.39599609375;0;3
395;8;-0.960205078125;-0.04296875;0.39794921875;0;3
445;9;-0.96044921875;-0.044677734375;0.393310546875;0;3
516;10;-0.95703125;-0.039306640625;0.39501953125;0;3
596;11;-0.962158203125;-0.09326171875;0.390380859375;0;3
637;12;-0.9677734375;-0.05078125;0.3984375;0;3
692;13;-0.962646484375;-0.0498046875;0.40185546875;0;3
750;14;-0.95849609375;-0.04150390625;0.3994140625;0;3
791;15;-0.960693359375;-0.035888671875;0.39501953125;0;3
838;16;-0.963134765625;-0.038330078125;0.392578125;0;3
878;17;-0.96484375;-0.0419921875;0.390869140625;0;3
934;18;-0.961181640625;-0.0400390625;0.397216796875;0;3
991;19;-0.96630859375;-0.03955078125;0.3984375;0;3
1036;20;-0.95849609375;-0.0361328125;0.39794921875;0;3
1095;21;-0.963623046875;-0.036376953125;0.39794921875;0;3
1165;22;-0.96435546875;-0.039794921875;0.397705078125;0;3
1196;23;-0.9638671875;-0.036865234375;0.39892578125;0;3
1250;24;-0.964111328125;-0.038818359375;0.39599609375;0;3
1304;25;-0.96044921875;-0.032470703125;0.391845703125;0;3
1325;26;-0.96044921875;-0.032470703125;0.391845703125;0;3
1368;27;-0.964111328125;-0.0361328125;0.390380859375;0;3
1428;28;-0.9169921875;-0.070068359375;0.386962890625;0;3
1469;29;-0.91845703125;0.00341796875;0.377685546875;0;3
1538;30;-0.962158203125;-0.07373046875;0.301513671875;0;3
1584;31;-0.9189453125;0.009521484375;0.296142578125;0;3
1626;32;-0.824951171875;0.030029296875;0.34033203125;0;3
1670;33;-0.7333984375;-0.00732421875;0.23779296875;0;3
1717;34;-0.69140625;0.090087890625;0.24853515625;0;3
1760;35;-0.680419921875;-0.08447265625;0.302734375;0;3
1821;36;-0.6181640625;-0.239501953125;0.345458984375;0;3
1861;37;-0.778076171875;-0.205810546875;0.516845703125;0;3
1912;38;-1.13427734375;-0.189697265625;0.554931640625;0;3
1956;39;-2.66845703125;-0.321044921875;0.42919921875;0;3
2004;40;-2.505615234375;-0.40625;0.2890625;0;3
2049;41;-1.976318359375;-0.468994140625;0.467529296875;0;3
2109;42;-0.407958984375;-0.18212890625;0.342529296875;0;3
2153;43;0.797119140625;0.2431640625;-0.09033203125;0;3
2197;44;0.041748046875;0.008056640625;0.0849609375;0;3
2248;45;0.076904296875;-0.172119140625;0.234619140625;0;3
2292;46;-0.14306640625;-0.103515625;0.1630859375;0;3
2351;47;-0.231689453125;0.012939453125;0.333740234375;0;3
2401;48;-1.1630859375;0.165771484375;0.408935546875;0;3
2446;49;-2.822509765625;-0.572509765625;0.4541015625;0;3
2547;50;-1.91796875;-0.198486328125;0.1181640625;0;3
2588;51;-1.302734375;-0.1337890625;0.462646484375;0;3
2631;52;-0.236328125;0.1650390625;0.357666015625;0;3
2682;53;-0.57568359375;-0.14599609375;0.2880859375;0;3
2758;54;-0.738525390625;0.143310546875;0.41845703125;0;3
2793;55;-0.965576171875;0.058837890625;0.361328125;0;3
2830;56;-1.07666015625;-0.05224609375;0.40185546875;0;3
2879;57;-1.064697265625;-0.068603515625;0.363037109375;0;3
2933;58;-0.960205078125;0.006591796875;0.31201171875;0;3
2983;59;-0.845947265625;-0.068359375;0.383056640625;0;3
3034;60;-0.86767578125;-0.068603515625;0.38671875;0;3
3080;61;-0.95947265625;-0.0419921875;0.384033203125;0;3
3131;62;-0.911865234375;-0.051513671875;0.39697265625;0;3
3178;63;-0.920654296875;-0.08447265625;0.400634765625;0;3
3231;64;-0.93701171875;-0.03369140625;0.39697265625;0;3
3279;65;-0.909423828125;-0.074462890625;0.3896484375;0;3
3326;66;-0.948486328125;-0.082275390625;0.299072265625;0;3
3369;67;-0.87255859375;-0.077880859375;0.29296875;0;3
3414;68;-0.801025390625;-0.076416015625;0.34130859375;0;3
3476;69;-0.740966796875;0.005615234375;0.32470703125;0;3
3534;70;-0.820068359375;-0.031982421875;0.24169921875;0;3
3605;71;-0.729248046875;-0.126708984375;0.27001953125;0;3
3700;72;-0.99072265625;-0.011962890625;0.478515625;0;3
3734;73;-0.99072265625;-0.011962890625;0.478515625;0;3
3785;74;-1.21826171875;-0.142333984375;0.663818359375;0;3
3810;75;-1.903564453125;0.0068359375;0.766845703125;0;3
3832;76;-1.903564453125;0.0068359375;0.766845703125;0;3
3856;77;-2.385009765625;-0.13818359375;0.69482421875;0;3
3905;78;-1.934326171875;-0.37255859375;0.51513671875;0;3
3968;79;-0.638916015625;-0.321533203125;0.425537109375;0;3
4025;80;0.4111328125;0.39404296875;0.191650390625;0;3
4061;81;-0.381591796875;-0.400390625;0.119384765625;0;3
4121;82;0.02099609375;0.037109375;0.0673828125;0;3
4170;83;0.1044921875;-0.084716796875;-0.002197265625;0;3
4215;84;0.11376953125;-0.1015625;0.034912109375;0;3
4244;85;-0.2373046875;0.021728515625;0.275390625;0;3
4296;86;-1.730224609375;-0.2861328125;0.583740234375;0;3
4348;87;-1.98193359375;-0.288818359375;0.764892578125;0;3
4398;88;-2.389892578125;-0.183837890625;0.19775390625;0;3
4524;89;-0.357177734375;0.384765625;0.393798828125;0;3
4558;90;-0.357177734375;0.384765625;0.393798828125;0;3
4593;91;-0.6298828125;-0.120361328125;0.423828125;0;3
4638;92;-0.5029296875;0.05029296875;0.367431640625;0;3
4685;93;-0.96337890625;-0.05419921875;0.439208984375;0;3
4737;94;-1.27587890625;-0.135009765625;0.467529296875;0;3
4783;95;-1.076416015625;-0.051513671875;0.404296875;0;3
4832;96;-1.028076171875;-0.1259765625;0.29541015625;0;3
4881;97;-0.96484375;0.015625;0.339599609375;0;3
4944;98;-0.900634765625;0.005859375;0.33056640625;0;3
4994;99;-0.849365234375;-0.052978515625;0.33642578125;0;3
5046;100;-0.87109375;-0.049072265625;0.330078125;0;3
5116;101;-0.951171875;0.00439453125;0.343017578125;0;3
5164;102;-0.954345703125;0.019287109375;0.299072265625;0;3
5190;103;-0.954345703125;0.019287109375;0.299072265625;0;3
5231;104;-0.958740234375;0.02587890625;0.379638671875;0;3
5274;105;-0.962158203125;0.0244140625;0.379150390625;0;3
5315;106;-0.908447265625;0.02001953125;0.378173828125;0;3
5368;107;-0.96435546875;0.00341796875;0.380126953125;0;3
5429;108;-0.875;0.02685546875;0.37890625;0;3
5472;109;-0.65966796875;-0.070556640625;0.341796875;0;3
5528;110;-0.591552734375;-0.086181640625;0.332763671875;0;3
5570;111;-0.626220703125;-0.092041015625;0.317626953125;0;3
5630;112;-0.9296875;-0.00341796875;0.330322265625;0;3
5675;113;-1.045654296875;-0.010009765625;0.240234375;0;3
5728;114;-1.179443359375;-0.073486328125;0.5146484375;0;3
5785;115;-2.176025390625;-0.243896484375;0.441162109375;0;3
5842;116;-2.05615234375;-0.451416015625;0.44091796875;0;3
5874;117;-2.05615234375;-0.451416015625;0.44091796875;0;3
5906;118;-0.96484375;-0.220947265625;0.374267578125;0;3
5951;119;0.62451171875;0.188720703125;0.084716796875;0;3
5998;120;0.0185546875;-0.026123046875;-0.0546875;0;3
6079;121;-0.05517578125;-0.107666015625;0.113525390625;0;3
6108;122;0.0576171875;0.138671875;0.126220703125;0;3
6158;123;0.053466796875;-0.030029296875;0.093017578125;0;3
6198;124;0.068603515625;0.1162109375;0.121826171875;0;3
6255;125;-1.243408203125;0.044677734375;0.57568359375;0;3
6299;126;-3.548095703125;-0.499267578125;0.674560546875;0;3
6340;127;-2.229736328125;-0.20849609375;-0.02294921875;0;3
6454;128;-1.05419921875;0.125;0.363037109375;0;3
6496;129;-0.158935546875;0.189208984375;0.4267578125;0;3
6539;130;-0.38818359375;-0.21533203125;0.403076171875;0;3
6591;131;-0.701416015625;0.02490234375;0.4033203125;0;3
6637;132;-1.20947265625;0.01123046875;0.387939453125;0;3
6681;133;-1.043212890625;-0.212646484375;0.298828125;0;3
6745;134;-0.8681640625;-0.259765625;0.309814453125;0;3
6784;135;-1.021240234375;-0.105712890625;0.29541015625;0;3
6898;136;-0.8876953125;0.0048828125;0.304443359375;0;3
6912;137;-0.96728515625;-0.125244140625;0.379150390625;0;3
6945;138;-0.96728515625;-0.125244140625;0.379150390625;0;3
6985;139;-1.001953125;-0.0322265625;0.380615234375;0;3
7030;140;-0.93408203125;-0.072265625;0.376953125;0;3
7084;141;-0.95263671875;-0.082275390625;0.375244140625;0;3
7120;142;-0.9072265625;-0.031982421875;0.391357421875;0;3
7199;143;-0.919677734375;-0.077880859375;0.389404296875;0;3
7226;144;-0.91162109375;-0.04345703125;0.388671875;0;3
7270;145;-0.952880859375;-0.0400390625;0.400634765625;0;3
7320;146;-0.94970703125;-0.09033203125;0.399169921875;0;3
7383;147;-0.96533203125;-0.09375;0.40576171875;0;3
7448;148;-0.9462890625;-0.046875;0.39306640625;0;3
7505;149;-0.738037109375;-0.031982421875;0.29345703125;0;3
7539;150;-0.738037109375;-0.031982421875;0.29345703125;0;3
7572;151;-0.880126953125;-0.07080078125;0.3271484375;0;3
7611;152;-0.900390625;-0.089111328125;0.24755859375;0;3
7663;153;-0.776611328125;-0.13330078125;0.2255859375;0;3
7703;154;-0.724609375;-0.09326171875;0.32080078125;0;3
7760;155;-1.01708984375;0.00732421875;0.3095703125;0;3
7803;156;-1.0478515625;-0.072265625;0.385498046875;0;3
7857;157;-1.336181640625;0.11474609375;0.47119140625;0;3
7907;158;-1.648193359375;-0.037841796875;0.484375;0;3
7950;159;-3.72705078125;-1.27880859375;-0.1025390625;0;3
8040;160;-0.527099609375;-0.497314453125;0.683349609375;0;3
8089;161;1.185546875;0.558349609375;-0.205810546875;0;3
8123;162;1.185546875;0.558349609375;-0.205810546875;0;3
8146;163;-0.594970703125;-0.26025390625;0.02490234375;0;3
8197;164;-0.21826171875;0.027587890625;0.230712890625;0;3
8251;165;-0.1240234375;0.033447265625;0.269775390625;0;3
8328;166;0.138916015625;0.11328125;0.044921875;0;3
8407;167;0.35302734375;-0.1416015625;0.049560546875;0;3
8438;168;-0.646728515625;0.046875;0.382080078125;0;3
8495;169;-5.443115234375;-1.406982421875;-0.8662109375;0;3
8536;170;-1.87890625;-0.3564453125;0.373291015625;0;3
8589;171;-1.708740234375;-0.241943359375;0.56787109375;0;3
8641;172;-0.830810546875;0.108154296875;0.432373046875;0;3
8686;173;-0.33349609375;-0.21044921875;0.40673828125;0;3
8732;174;-0.38037109375;0.17919921875;0.483154296875;0;3
8798;175;-0.530517578125;-0.02490234375;0.455810546875;0;3
8825;176;-1.02001953125;-0.054443359375;0.4638671875;0;3
8872;177;-1.394287109375;-0.195556640625;0.364990234375;0;3
8925;178;-1.1982421875;-0.182373046875;0.302734375;0;3
8990;179;-1.015625;-0.053955078125;0.391845703125;0;3
9036;180;-0.8974609375;-0.1328125;0.3271484375;0;3
9072;181;-1.001708984375;-0.0869140625;0.327880859375;0;3
9131;182;-0.8525390625;-0.04541015625;0.286376953125;0;3
9172;183;-0.842041015625;-0.060302734375;0.236083984375;0;3
9226;184;-0.899658203125;-0.05322265625;0.24267578125;0;3
9282;185;-0.939697265625;-0.06396484375;0.332763671875;0;3
9323;186;-0.855712890625;0.01123046875;0.28369140625;0;3
9381;187;-0.948486328125;0.01025390625;0.297607421875;0;3
9416;188;-0.917236328125;-0.02294921875;0.400146484375;0;3
9474;189;-0.957763671875;0.0205078125;0.396484375;0;3
9558;190;-0.901611328125;-0.046142578125;0.40234375;0;3
9598;191;-0.79345703125;-0.12646484375;0.2919921875;0;3
9621;192;-0.79345703125;-0.12646484375;0.2919921875;0;3
9657;193;-0.799072265625;-0.110595703125;0.33251953125;0;3
9710;194;-0.685302734375;-0.09912109375;0.339599609375;0;3
9789;195;-0.850341796875;-0.045654296875;0.2197265625;0;3
9845;196;-0.9189453125;-0.13037109375;0.32861328125;0;3
9899;197;-1.208740234375;-0.163330078125;0.33935546875;0;3
9927;198;-1.208740234375;-0.163330078125;0.33935546875;0;3
9953;199;-2.035400390625;-0.452880859375;0.465576171875;0;3
10001;200;-2.645751953125;0.17529296875;0.218505859375;0;3
10053;201;-2.438720703125;-1.15185546875;-0.005615234375;0;3
10110;202;-0.812255859375;-0.15087890625;0.245849609375;0;3
10143;203;0.771240234375;0.256103515625;0.0625;0;3
10225;204;-0.0546875;0.031494140625;-0.005126953125;0;3
10280;205;0.09814453125;0.329833984375;0.10205078125;0;3
10331;206;0.09814453125;0.329833984375;0.10205078125;0;3
10386;207;-0.066650390625;-0.2392578125;0.06591796875;0;3
10448;208;0.1806640625;-0.0078125;0.049560546875;0;3
10485;209;-0.254638671875;-0.0888671875;0.323974609375;0;3
10531;210;-2.46923828125;-0.7138671875;0.228271484375;0;3
10591;211;-1.421142578125;-0.390625;1.03125;0;3
10659;212;-2.775634765625;-0.426025390625;0.048583984375;0;3
10695;213;-0.858642578125;-0.27734375;0.4765625;0;3
10740;214;-0.426513671875;-0.392333984375;0.30908203125;0;3
10802;215;-0.41455078125;0.193603515625;0.27783203125;0;3
10841;216;-0.455078125;0.1103515625;0.34228515625;0;3
10907;217;-0.997802734375;-0.089599609375;0.34228515625;0;3
10988;218;-0.8359375;-0.1201171875;0.342041015625;0;3
11041;219;-0.92626953125;-0.06884765625;0.258544921875;0;3
11071;220;-0.85791015625;0.063232421875;0.2900390625;0;3
11097;221;-0.85791015625;0.063232421875;0.2900390625;0;3
11122;222;-0.8505859375;-0.135986328125;0.231689453125;0;3
11177;223;-0.862060546875;-0.047607421875;0.248046875;0;3
11212;224;-1.00390625;-0.031982421875;0.318115234375;0;3
11267;225;-0.928466796875;-0.052734375;0.314697265625;0;3
11311;226;-0.939697265625;-0.03173828125;0.3291015625;0;3
11362;227;-0.9482421875;-0.0673828125;0.28271484375;0;3
11420;228;-0.96142578125;-0.03515625;0.290283203125;0;3
11467;229;-0.916259765625;-0.048095703125;0.281982421875;0;3
11516;230;-0.940185546875;-0.050048828125;0.290771484375;0;3
11563;231;-0.846923828125;-0.090576171875;0.330078125;0;3
11657;232;-0.7001953125;-0.138916015625;0.24072265625;0;3
11703;233;-0.62158203125;-0.048095703125;0.244384765625;0;3
11762;234;-0.701416015625;0.074951171875;0.240234375;0;3
11806;235;-1.066162109375;-0.110595703125;0.21826171875;0;3
11824;236;-1.066162109375;-0.110595703125;0.21826171875;0;3
11845;237;-1.162841796875;-0.169677734375;0.30517578125;0;3
11911;238;-1.460205078125;-0.216552734375;0.44580078125;0;3
12018;239;-3.703125;-0.569580078125;0.6484375;0;3
12037;240;-2.02783203125;-0.43603515625;0.89599609375;0;3
12095;241;-0.0791015625;-0.280029296875;0.037841796875;0;3
12126;242;-0.0791015625;-0.280029296875;0.037841796875;0;3
12157;243;1.434814453125;0.397705078125;-0.501220703125;0;3
12198;244;-0.387939453125;-0.115966796875;0.00537109375;0;3
12247;245;-0.271484375;-0.199462890625;0.38671875;0;3
12341;246;-0.18212890625;-0.022705078125;0.1708984375;0;3
12405;247;-0.0771484375;-0.040771484375;0.032958984375;0;3
12480;248;-0.24169921875;0.064208984375;0.301025390625;0;3
12563;249;-2.752197265625;-0.6025390625;0.62646484375;0;3
12690;250;-1.032958984375;0.02001953125;0.60791015625;0;3
12735;251;-0.182861328125;0.178466796875;0.408447265625;0;3
12795;252;-0.205810546875;-0.1357421875;0.45068359375;0;3
12819;253;-0.47314453125;-0.2109375;0.418212890625;0;3
12842;254;-0.47314453125;-0.2109375;0.418212890625;0;3
12865;255;-0.9267578125;-0.22265625;0.44775390625;0;3
12913;256;-1.191650390625;-0.064453125;0.350341796875;0;3
12961;257;-1.181640625;0.079345703125;0.385498046875;0;3
13026;258;-1.127197265625;0.03173828125;0.2763671875;0;3
13056;259;-0.96484375;0.017822265625;0.225341796875;0;3
13110;260;-0.88623046875;-0.10693359375;0.333251953125;0;3
13158;261;-0.836181640625;-0.212890625;0.288330078125;0;3
13207;262;-0.787109375;-0.062255859375;0.342041015625;0;3
13224;263;-0.787109375;-0.062255859375;0.342041015625;0;3
13252;264;-0.8955078125;-0.077880859375;0.283447265625;0;3
13302;265;-0.84619140625;-0.083740234375;0.306396484375;0;3
13336;266;-0.84619140625;-0.083740234375;0.306396484375;0;3
13374;267;-0.948486328125;-0.074951171875;0.403564453125;0;3
13414;268;-0.911865234375;-0.072509765625;0.358154296875;0;3
13465;269;-0.984375;-0.06884765625;0.35400390625;0;3
13512;270;-1.013916015625;-0.082275390625;0.366943359375;0;3
13573;271;-0.912109375;-0.031982421875;0.36572265625;0;3
13613;272;-0.912353515625;-0.037353515625;0.44189453125;0;3
13658;273;-0.958251953125;-0.093017578125;0.370361328125;0;3
13723;274;-0.910400390625;-0.051513671875;0.365234375;0;3
13779;275;-0.860595703125;-0.05810546875;0.392578125;0;3
13812;276;-0.845703125;-0.05029296875;0.3837890625;0;3
13864;277;-0.89794921875;-0.058349609375;0.236328125;0;3
13948;278;-0.708984375;0.078369140625;0.1796875;0;3
14050;279;-0.930908203125;-0.053955078125;0.15576171875;0;3
14089;280;-1.048583984375;-0.111572265625;0.200439453125;0;3
14134;281;-1.4599609375;0.02685546875;0.300537109375;0;3
14157;282;-1.4599609375;0.02685546875;0.300537109375;0;3
14199;283;-2.317626953125;-0.443359375;0.44873046875;0;3
14237;284;-2.317626953125;-0.443359375;0.44873046875;0;3
14314;285;-2.543212890625;-0.57763671875;0.379638671875;0;3
14383;286;-0.992919921875;-0.39208984375;0.4482421875;0;3
14440;287;0.748779296875;-0.0810546875;0.14013671875;0;3
14488;288;0.33447265625;-0.088623046875;0.061767578125;0;3
14527;289;-0.416748046875;-0.2265625;-0.01123046875;0;3
14578;290;-0.090576171875;0.313232421875;0.0458984375;0;3
14644;291;-0.048095703125;-0.09814453125;0.042236328125;0;3
14667;292;0.03271484375;-0.0341796875;0.03369140625;0;3
14702;293;0.03271484375;-0.0341796875;0.03369140625;0;3
14732;294;-0.17431640625;0.091552734375;0.238525390625;0;3
14810;295;-2.2578125;-0.57568359375;0.814697265625;0;3
14860;296;-2.20263671875;-0.334716796875;0.453125;0;3
14899;297;-2.20263671875;-0.334716796875;0.453125;0;3
14930;298;-1.274169921875;0.142333984375;0.64892578125;0;3
14990;299;-0.677001953125;0.101318359375;0.567626953125;0;3
10;1;-1.0234375;-0.640625;-2.625;1;3
178;2;-4.5390625;-0.5234375;-2.40625;1;3
208;3;-4.625;-0.7421875;-2.7890625;1;3
236;4;-4.625;-0.7421875;-2.7890625;1;3
293;5;-4.046875;-0.921875;-1.15625;1;3
311;6;-4.046875;-0.921875;-1.15625;1;3
341;7;-4.984375;-0.9375;-2.78125;1;3
368;8;-4.984375;-0.9375;-2.78125;1;3
398;9;-1.5234375;-0.640625;-2.8984375;1;3
448;10;-4.578125;-0.203125;-2.7890625;1;3
520;11;-4.703125;-0.5859375;-1.296875;1;3
600;12;-1.890625;-0.2109375;-2.484375;1;3
639;13;-2.15625;2.7734375;0.0859375;1;3
695;14;-4.6640625;-0.765625;-2.859375;1;3
754;15;-4.1640625;-0.9140625;-2.7578125;1;3
794;16;-1.546875;-0.0859375;-2.3203125;1;3
841;17;-1.7578125;-0.1796875;-2.1953125;1;3
882;18;-1.234375;-0.5625;-1.2578125;1;3
938;19;-1.9765625;-0.28125;-2.640625;1;3
995;20;-4.7421875;-0.3046875;-2.734375;1;3
1040;21;-4.9609375;0.9296875;-2.390625;1;3
1103;22;-4.328125;-0.265625;-2.6328125;1;3
1169;23;-3.34375;-0.09375;-2.59375;1;3
1200;24;-3.046875;-0.3046875;-2.4765625;1;3
1253;25;-3.625;0.7578125;-1.2578125;1;3
1307;26;-4.6796875;0.7890625;-1.734375;1;3
1327;27;-4.6796875;0.7890625;-1.734375;1;3
1371;28;-3.0234375;-2.015625;-1.8984375;1;3
1430;29;-4.015625;-2.3046875;-1.4375;1;3
1471;30;0.40625;-2.359375;-3.3984375;1;3
1546;31;8.640625;0.96875;-10.421875;1;3
1589;32;13.078125;4.578125;-5.59375;1;3
1632;33;26.703125;-5.15625;-15.1328125;1;3
1674;34;39.6953125;-5.65625;-7.2109375;1;3
1719;35;76.28125;-16.1171875;-23.8359375;1;3
1763;36;119.375;-9.8671875;-5.6875;1;3
1824;37;57.8984375;-8.8046875;-12.625;1;3
1865;38;-13.6796875;35.3515625;4.625;1;3
1915;39;-58.3203125;40.4921875;23.1015625;1;3
1959;40;34.0234375;51.3984375;49.546875;1;3
2007;41;91.875;-21.515625;-27.5234375;1;3
2051;42;36.5234375;-13.9453125;-70.703125;1;3
2115;43;-91.8515625;-73.140625;-132.6640625;1;3
2156;44;-115.5;-109.4375;24.984375;1;3
2200;45;68.09375;-6.515625;25.40625;1;3
2252;46;24.625;5;-32.078125;1;3
2295;47;-6.5859375;-0.4765625;6.734375;1;3
2353;48;-48.8671875;-22.7734375;31.6953125;1;3
2403;49;-59.234375;76.3046875;170.6171875;1;3
2448;50;33.265625;-12.1796875;-151.4609375;1;3
2551;51;-1.65625;82.2734375;34.4140625;1;3
2591;52;-60.2421875;-56.390625;-69.3515625;1;3
2633;53;-3.0859375;-65.8671875;-30.671875;1;3
2685;54;-36.21875;24.0625;81.46875;1;3
2768;55;-71.7734375;30.96875;-12.9453125;1;3
2796;56;16.296875;40.03125;-18.390625;1;3
2832;57;42.953125;22.40625;-14.015625;1;3
2881;58;5.546875;-4.3828125;-3.8984375;1;3
2936;59;7.1875;-20.203125;2.75;1;3
2986;60;5.2890625;-13.96875;-0.5625;1;3
3038;61;4.46875;-6.9375;0;1;3
3083;62;6.421875;2.6796875;-4.953125;1;3
3133;63;-7.6328125;4.2890625;-4.671875;1;3
3181;64;-13.078125;2.8671875;-0.75;1;3
3236;65;-10.6640625;0.3125;0.203125;1;3
3283;66;-7.4765625;-6.03125;-2.109375;1;3
3329;67;-5.2734375;-7.5546875;-2.4453125;1;3
3372;68;-4.484375;-8.7890625;0.65625;1;3
3418;69;-0.578125;-12.8515625;0.78125;1;3
3479;70;15.71875;-12.34375;3.8359375;1;3
3537;71;21.828125;-2.171875;1.984375;1;3
3614;72;23.171875;18.75;13.3203125;1;3
3705;73;1.046875;-30.4609375;25.2421875;1;3
3737;74;1.046875;-30.4609375;25.2421875;1;3
3791;75;-5.359375;-17.4609375;11.234375;1;3
3812;76;-15.796875;3.5078125;24.9921875;1;3
3834;77;-15.796875;3.5078125;24.9921875;1;3
3859;78;80.28125;26.34375;-17.4921875;1;3
3909;79;106.15625;29.9609375;-112.28125;1;3
3973;80;25.8515625;-29.2890625;-146.921875;1;3
4032;81;-25.2421875;-53.4375;-35.3046875;1;3
4063;82;55.9609375;-11.765625;43.390625;1;3
4132;83;-65.4453125;-63.125;-39.78125;1;3
4176;84;34.421875;-33.3671875;28.609375;1;3
4216;85;-34.5859375;-32.8515625;3.953125;1;3
4251;86;-21.3828125;-1.0703125;45.3671875;1;3
4299;87;-38.984375;204.6171875;216.53125;1;3
4351;88;-15.1328125;-25.1875;-134.953125;1;3
4401;89;-54.328125;111.3203125;111.8359375;1;3
4526;90;43.6328125;4.171875;14.546875;1;3
4561;91;43.6328125;4.171875;14.546875;1;3
4595;92;-15.46875;3.3203125;-7.4296875;1;3
4643;93;-30.203125;15.09375;-3.3046875;1;3
4689;94;-5.375;36.1328125;9.84375;1;3
4743;95;10.234375;22.6328125;-28.25;1;3
4789;96;6.640625;-17.1953125;-7.4453125;1;3
4834;97;-19.90625;-45.1953125;22.4765625;1;3
4883;98;-20.671875;-53.1640625;11.6328125;1;3
4954;99;9.796875;-41.359375;5.0546875;1;3
4999;100;9.5625;-22.6328125;6.359375;1;3
5053;101;-11.3125;-5.6328125;3.6796875;1;3
5120;102;-21.578125;7.0546875;6.984375;1;3
5167;103;-11.4921875;13.640625;1.3046875;1;3
5192;104;-11.4921875;13.640625;1.3046875;1;3
5240;105;-9.1640625;22.125;-2.953125;1;3
5278;106;-4.140625;22.5859375;-5.3515625;1;3
5318;107;-0.171875;20.9609375;-7.0546875;1;3
5371;108;4.3515625;18.09375;-9.5078125;1;3
5435;109;8.4609375;7.7578125;-13;1;3
5476;110;18.2265625;-1.015625;-10.1484375;1;3
5539;111;14.8828125;-1.2265625;-4.375;1;3
5572;112;-7.34375;12.046875;11.6796875;1;3
5635;113;-23.3828125;18.6484375;26.078125;1;3
5680;114;6.6015625;11.859375;1.2890625;1;3
5731;115;-3.5625;23.390625;-0.1796875;1;3
5791;116;-4.390625;55.5703125;51.71875;1;3
5847;117;136.78125;-2.6171875;-43.3359375;1;3
5876;118;136.78125;-2.6171875;-43.3359375;1;3
5908;119;3.515625;-39.8203125;-102.3046875;1;3
5954;120;-77.5546875;-97.96875;-91.1796875;1;3
6002;121;57.4609375;10.609375;76.921875;1;3
6082;122;17.890625;-38.8515625;-38.25;1;3
6110;123;1.1484375;-22.09375;23.1328125;1;3
6160;124;-42.046875;-21.0234375;8.7421875;1;3
6201;125;-37;-4.9453125;9.9140625;1;3
6260;126;-21.0390625;125.5625;170.0078125;1;3
6302;127;11.078125;-102.3828125;-200.8671875;1;3
6342;128;-45.515625;59.4140625;113.8984375;1;3
6458;129;-83.3671875;-108.1015625;-31.3203125;1;3
6499;130;69.4140625;-41.71875;-36.71875;1;3
6542;131;-8.609375;9.6796875;7.8125;1;3
6597;132;-80.3359375;6.609375;-0.9453125;1;3
6639;133;3.078125;27.578125;-7.296875;1;3
6683;134;97;-15.6796875;-43.2734375;1;3
6749;135;15.546875;-22.2265625;30.5078125;1;3
6786;136;-69.921875;-21.6875;34.5625;1;3
6903;137;-2.328125;-3.203125;14.9140625;1;3
6915;138;-17.8671875;10.4765625;11.8125;1;3
6948;139;-17.8671875;10.4765625;11.8125;1;3
6989;140;-27.6796875;10.6640625;6.078125;1;3
7033;141;-20.6640625;4.4453125;6.3359375;1;3
7086;142;-7.96875;2.03125;5.75;1;3
7123;143;-12.0546875;7.484375;4.2421875;1;3
7202;144;0.0234375;7;-1.6328125;1;3
7229;145;2.796875;7.7109375;-3.21875;1;3
7273;146;-5.8046875;12.078125;-6.1875;1;3
7323;147;-7.96875;11.28125;-6.765625;1;3
7385;148;-1.5;9.2578125;-8.5;1;3
7453;149;-0.3984375;6.71875;-8.8828125;1;3
7510;150;-2.40625;-5.9296875;-0.9921875;1;3
7541;151;-2.40625;-5.9296875;-0.9921875;1;3
7575;152;5.0625;0.3359375;4.171875;1;3
7614;153;26.9765625;-4.1640625;-13.875;1;3
7665;154;21.6015625;-1.703125;-6.4375;1;3
7705;155;-7.8359375;-2.3671875;3.109375;1;3
7763;156;-4.21875;11.0234375;16.59375;1;3
7806;157;12.8828125;4.8046875;10.9140625;1;3
7861;158;56.09375;5.515625;5.53125;1;3
7913;159;219.1171875;31.9296875;20.7734375;1;3
7955;160;-1.9609375;-14.6953125;-71.8125;1;3
8047;161;-40.796875;-57.9609375;-146.234375;1;3
8092;162;-90.296875;-121.9375;21.2578125;1;3
8125;163;-90.296875;-121.9375;21.2578125;1;3
8149;164;154.6640625;76.7265625;71.8984375;1;3
8202;165;-91.90625;-27.9296875;-87.78125;1;3
8255;166;-41.734375;-45.234375;55.09375;1;3
8333;167;-46.671875;-100.2578125;3.5234375;1;3
8411;168;14.9921875;-45.8046875;34.296875;1;3
8441;169;-37.9453125;35.90625;74.5546875;1;3
8500;170;161.359375;212.4921875;-128.7734375;1;3
8538;171;150.359375;117.890625;-13.5390625;1;3
8591;172;-117.4453125;10.78125;-7.015625;1;3
8645;173;-59.8828125;-58.3671875;-2.3125;1;3
8690;174;-75.4296875;5.5546875;-6.015625;1;3
8734;175;-35.984375;-24.1796875;-16.2890625;1;3
8802;176;-15.8203125;24.640625;19.03125;1;3
8827;177;-22.7109375;44.828125;6.90625;1;3
8875;178;-11.2890625;30.0625;-39.8828125;1;3
8929;179;16.765625;-17.5859375;-31.34375;1;3
8993;180;-46.109375;-51.234375;11.3828125;1;3
9040;181;-47.2578125;-68.6640625;31.6484375;1;3
9076;182;-30.25;-47.3671875;26.7109375;1;3
9135;183;6.0625;-34.578125;-3.5546875;1;3
9174;184;-4.921875;-20.8046875;8.9296875;1;3
9229;185;-21.8984375;-1.328125;17.2734375;1;3
9287;186;-20.8046875;20.90625;6.9296875;1;3
9326;187;-16.140625;32.75;-0.5625;1;3
9388;188;-4.359375;37.09375;-3.390625;1;3
9418;189;3.15625;44.640625;-12.3359375;1;3
9478;190;31.9609375;37.921875;-21.4453125;1;3
9568;191;2.8046875;23.5234375;-15.875;1;3
9601;192;12.734375;9.8828125;-7.328125;1;3
9622;193;12.734375;9.8828125;-7.328125;1;3
9660;194;13.65625;7.1015625;-2.8125;1;3
9714;195;-4.90625;6.4765625;-0.4296875;1;3
9792;196;4.28125;-8.015625;5.140625;1;3
9850;197;20.859375;-13.078125;9.71875;1;3
9903;198;3.78125;-27.984375;23.4375;1;3
9930;199;3.78125;-27.984375;23.4375;1;3
9955;200;-123.1328125;48.296875;94.3203125;1;3
10004;201;-60.015625;-16.578125;45.8984375;1;3
10056;202;227.765625;-1.234375;-56.0703125;1;3
10114;203;-54.9609375;-10.1875;-105.203125;1;3
10148;204;20.0625;-53.5234375;-144.1875;1;3
10231;205;30.046875;68.1640625;79.8203125;1;3
10286;206;11.0078125;-43.453125;10.578125;1;3
10333;207;11.0078125;-43.453125;10.578125;1;3
10388;208;49.125;-44.953125;8.6953125;1;3
10453;209;5.265625;-36.4453125;-12.953125;1;3
10488;210;-12.203125;18.2421875;19.7890625;1;3
10534;211;-10.5078125;253.9921875;253.9921875;1;3
10594;212;86.1796875;-71.4453125;-158.7265625;1;3
10663;213;9.3671875;28.5078125;21.7578125;1;3
10699;214;-37.0234375;-42.296875;-48.0234375;1;3
10743;215;-61.125;-15.25;20.3125;1;3
10808;216;-120.8984375;-22.3671875;-16.6171875;1;3
10848;217;-16.5;-7.90625;15.6015625;1;3
10913;218;9.1171875;31.65625;32.7265625;1;3
10994;219;11.125;-27.9140625;-34.03125;1;3
11049;220;-76.8046875;-28.6484375;43.8359375;1;3
11074;221;-25.2265625;-29.5703125;4.1171875;1;3
11100;222;-25.2265625;-29.5703125;4.1171875;1;3
11124;223;16;-7.9765625;-11.9921875;1;3
11181;224;-7.5234375;-3.6796875;-6.734375;1;3
11214;225;-10.5;-2.4140625;2.765625;1;3
11270;226;-12.296875;-0.359375;-0.1796875;1;3
11313;227;-10.0078125;2.9453125;-0.6328125;1;3
11366;228;-5.4609375;7.640625;2.9921875;1;3
11422;229;-0.140625;9.34375;-6.6796875;1;3
11477;230;-0.03125;7.6328125;-5.7265625;1;3
11519;231;-6.5390625;3.0546875;-3.8125;1;3
11566;232;3.0625;2.546875;-4.25;1;3
11661;233;28.7421875;-11.96875;0.5703125;1;3
11709;234;5.640625;-8.0078125;15.3046875;1;3
11769;235;12.78125;-22.6015625;1;1;3
11809;236;67.6328125;-2.3671875;15.8671875;1;3
11826;237;67.6328125;-2.3671875;15.8671875;1;3
11847;238;47.59375;-9.1640625;-38.53125;1;3
11914;239;25.4609375;18.234375;11.8828125;1;3
12024;240;101.9296875;-23.8125;9.28125;1;3
12042;241;-103.6875;-132.8359375;-38.3671875;1;3
12100;242;-150.1796875;-93.5390625;-172.015625;1;3
12129;243;-150.1796875;-93.5390625;-172.015625;1;3
12160;244;-146.0234375;-91.96875;106.7265625;1;3
12201;245;52.0703125;52.5703125;15.890625;1;3
12249;246;13.5703125;50.28125;-71.96875;1;3
12343;247;5.421875;-7.1328125;-18.796875;1;3
12407;248;15.84375;-58.578125;-0.8046875;1;3
12485;249;-15.7109375;35.671875;65.765625;1;3
12569;250;15.3125;253.9921875;253.9921875;1;3
12693;251;-75.3984375;-54.0078125;-63.640625;1;3
12737;252;24.4375;-63.125;-110.8125;1;3
12799;253;65.0546875;1.5625;23.265625;1;3
12821;254;-42.171875;28.0390625;20.078125;1;3
12843;255;-42.171875;28.0390625;20.078125;1;3
12868;256;-133.390625;77.3515625;12.7421875;1;3
12918;257;-151.0546875;43.1640625;-30.1015625;1;3
12971;258;-115.578125;4.4921875;0.4765625;1;3
13030;259;2.7109375;-63.1171875;-21.2890625;1;3
13060;260;86.6640625;-82.265625;-5.0546875;1;3
13116;261;96.921875;-65.328125;1.59375;1;3
13162;262;25.1015625;-30.2265625;1.8828125;1;3
13210;263;-31.0859375;4.8515625;3.6875;1;3
13225;264;-31.0859375;4.8515625;3.6875;1;3
13255;265;-21.0078125;20.6953125;-0.7265625;1;3
13304;266;-0.1875;30.6171875;-4.1015625;1;3
13340;267;-0.1875;30.6171875;-4.1015625;1;3
13376;268;-0.5;37.46875;-1.2109375;1;3
13416;269;2.953125;37.640625;-8.3125;1;3
13468;270;12.859375;36.8671875;-8.265625;1;3
13514;271;19.203125;23.9375;-8.625;1;3
13576;272;15.8359375;18.1953125;-3.4140625;1;3
13616;273;6.3125;18.296875;-6.3359375;1;3
13660;274;5.578125;16.609375;-7.421875;1;3
13726;275;10.40625;9.1015625;-6.765625;1;3
13784;276;3.28125;4.46875;3.5703125;1;3
13814;277;-2.6015625;-0.0234375;3.8984375;1;3
13872;278;0.5703125;-9.328125;6.6484375;1;3
13955;279;-23.515625;1.4453125;30.2578125;1;3
14054;280;20.0859375;17.34375;15.6015625;1;3
14092;281;11.6640625;17.1328125;4.1640625;1;3
14138;282;9.4921875;27.4375;28.71875;1;3
14159;283;9.4921875;27.4375;28.71875;1;3
14202;284;202.046875;20.265625;85.1484375;1;3
14239;285;202.046875;20.265625;85.1484375;1;3
14317;286;127.3828125;-28.828125;5.8515625;1;3
14388;287;4.421875;-60.328125;-78.71875;1;3
14442;288;-126.3515625;-97.40625;-153.828125;1;3
14492;289;-34.4453125;15.046875;114.109375;1;3
14531;290;-204.0390625;-7.0546875;-52.8828125;1;3
14581;291;-36.2421875;-60.390625;-24.3046875;1;3
14648;292;-37.765625;-82.890625;30.109375;1;3
14670;293;-25.3046875;-80.8671875;10.796875;1;3
14705;294;-25.3046875;-80.8671875;10.796875;1;3
14734;295;-28.1796875;-34.1015625;49.5546875;1;3
14814;296;42.3828125;253.9921875;253.9921875;1;3
14862;297;-68.8515625;-4.7890625;-3.125;1;3
14900;298;-68.8515625;-4.7890625;-3.125;1;3
14932;299;0.484375;-43.3203125;0.8203125;1;3
14994;300;6.8671875;-37.3203125;-63.7890625;1;3
18;1;46.83333206176758;-20;-217.1666717529297;2;3
180;2;46.16666793823242;-20.16666603088379;-216.5;2;3
211;3;46;20.33333396911621;-217.5;2;3
243;4;46;20.33333396911621;-217.5;2;3
295;5;47.83333206176758;20.83333396911621;-218.1666717529297;2;3
312;6;47.83333206176758;20.83333396911621;-218.1666717529297;2;3
345;7;45.16666793823242;20.66666603088379;-216.8333282470703;2;3
370;8;45.16666793823242;20.66666603088379;-216.8333282470703;2;3
399;9;47.83333206176758;-19.33333396911621;-216.5;2;3
450;10;47.33333206176758;20.5;-218.1666717529297;2;3
523;11;48.83333206176758;20.66666603088379;-217.1666717529297;2;3
603;12;48.16666793823242;20.83333396911621;-217.6666717529297;2;3
641;13;46.83333206176758;-21.16666603088379;-216.3333282470703;2;3
702;14;47.16666793823242;20.66666603088379;-216.8333282470703;2;3
756;15;46.16666793823242;-21;-215.8333282470703;2;3
797;16;44.33333206176758;19.83333396911621;-216.3333282470703;2;3
843;17;47.33333206176758;20.83333396911621;-216.1666717529297;2;3
884;18;46.33333206176758;20.66666603088379;-217.5;2;3
940;19;46.83333206176758;20.66666603088379;-216.3333282470703;2;3
999;20;46.66666793823242;19.66666603088379;-217.6666717529297;2;3
1044;21;47;-20.16666603088379;-217;2;3
1109;22;48.33333206176758;-21.16666603088379;-218.3333282470703;2;3
1174;23;45.33333206176758;20.5;-216.5;2;3
1204;24;47.16666793823242;20.66666603088379;-218;2;3
1256;25;48;20.33333396911621;-216.8333282470703;2;3
1309;26;46.83333206176758;-21.16666603088379;-216.3333282470703;2;3
1328;27;46.83333206176758;-21.16666603088379;-216.3333282470703;2;3
1373;28;47.83333206176758;20.83333396911621;-218.1666717529297;2;3
1432;29;47.16666793823242;20.33333396911621;-218.3333282470703;2;3
1473;30;47.66666793823242;-21.16666603088379;-216.8333282470703;2;3
1551;31;45.5;21.16666603088379;-217.1666717529297;2;3
1592;32;47;-19.66666603088379;-217.6666717529297;2;3
1635;33;47;-19.66666603088379;-217.3333282470703;2;3
1676;34;48.83333206176758;19.83333396911621;-217.1666717529297;2;3
1721;35;47.16666793823242;21.16666603088379;-215.1666717529297;2;3
1764;36;50;20.66666603088379;-213.6666717529297;2;3
1828;37;53.16666793823242;-20.83333396911621;-167.5;2;3
1866;38;56;-20.83333396911621;-163.6666717529297;2;3
1916;39;56.16666793823242;-21;-162.6666717529297;2;3
1962;40;54.5;-20.83333396911621;-163.1666717529297;2;3
2008;41;56.16666793823242;19.66666603088379;-160.6666717529297;2;3
2053;42;56.5;-20.83333396911621;-159.3333282470703;2;3
2119;43;57;20.83333396911621;-157.1666717529297;2;3
2158;44;53.66666793823242;19.83333396911621;-162;2;3
2202;45;50.66666793823242;-20.16666603088379;-213.5;2;3
2254;46;52.66666793823242;-19.66666603088379;-169.3333282470703;2;3
2297;47;54.16666793823242;-19.66666603088379;-167;2;3
2356;48;53.16666793823242;-17.5;-167.1666717529297;2;3
2405;49;54.83333206176758;-17.16666603088379;-169.8333282470703;2;3
2451;50;53.5;-19;-170.5;2;3
2552;51;54.83333206176758;-20;-163.6666717529297;2;3
2593;52;54.66666793823242;18.83333396911621;-164.1666717529297;2;3
2635;53;52.5;20.33333396911621;-166;2;3
2687;54;49.66666793823242;-21.16666603088379;-169.8333282470703;2;3
2770;55;52;-21.16666603088379;-169.8333282470703;2;3
2798;56;50.66666793823242;-20.5;-170;2;3
2834;57;50;20.66666603088379;-169.8333282470703;2;3
2882;58;49.66666793823242;19.16666603088379;-167.1666717529297;2;3
2939;59;51.66666793823242;18.33333396911621;-166.3333282470703;2;3
2988;60;49.33333206176758;20.16666603088379;-168.5;2;3
3040;61;51.5;-21.33333396911621;-167;2;3
3087;62;51.83333206176758;19.66666603088379;-169.3333282470703;2;3
3136;63;51.83333206176758;20.83333396911621;-167;2;3
3183;64;51.83333206176758;-21.33333396911621;-168.1666717529297;2;3
3241;65;52;17.5;-167.8333282470703;2;3
3287;66;50.66666793823242;19.66666603088379;-168.5;2;3
3331;67;51.5;20.83333396911621;-168.1666717529297;2;3
3374;68;50.66666793823242;20.16666603088379;-169.6666717529297;2;3
3420;69;51.83333206176758;20.83333396911621;-169.3333282470703;2;3
3481;70;49.66666793823242;21.16666603088379;-168.6666717529297;2;3
3555;71;51.66666793823242;-21.16666603088379;-168.6666717529297;2;3
3627;72;52.16666793823242;-21.33333396911621;-165.8333282470703;2;3
3708;73;52.5;-20;-164;2;3
3742;74;52.5;-20;-164;2;3
3794;75;52.83333206176758;-21.16666603088379;-166.6666717529297;2;3
3814;76;51.83333206176758;-18.5;-168.1666717529297;2;3
3835;77;51.83333206176758;-18.5;-168.1666717529297;2;3
3860;78;53.5;-19;-168.8333282470703;2;3
3911;79;55.83333206176758;-19.33333396911621;-165;2;3
3977;80;55.83333206176758;-20.5;-159.5;2;3
4037;81;55.83333206176758;19.66666603088379;-160.3333282470703;2;3
4064;82;53;19.66666603088379;-163;2;3
4136;83;57.5;-20.5;-161.5;2;3
4183;84;57;-19.33333396911621;-163;2;3
4219;85;56;-19.5;-164;2;3
4255;86;53.83333206176758;-19.33333396911621;-164.6666717529297;2;3
4301;87;55.16666793823242;-17.5;-167.1666717529297;2;3
4354;88;58.33333206176758;-18.16666603088379;-164.6666717529297;2;3
4403;89;55.66666793823242;21.16666603088379;-162;2;3
4528;90;53.16666793823242;19.83333396911621;-165.5;2;3
4564;91;53.16666793823242;19.83333396911621;-165.5;2;3
4597;92;53.83333206176758;20.83333396911621;-162.3333282470703;2;3
4647;93;54;-20.83333396911621;-161.3333282470703;2;3
4690;94;54.16666793823242;18.83333396911621;-162.3333282470703;2;3
4746;95;54.66666793823242;18.83333396911621;-162.3333282470703;2;3
4793;96;55.16666793823242;19.5;-161;2;3
4836;97;54;17.83333396911621;-161.6666717529297;2;3
4885;98;53.16666793823242;17.83333396911621;-162.5;2;3
4959;99;54.16666793823242;-21;-165.8333282470703;2;3
5002;100;54.16666793823242;-21.33333396911621;-167;2;3
5056;101;55.66666793823242;-20.33333396911621;-165.5;2;3
5129;102;53.66666793823242;-20;-166.3333282470703;2;3
5169;103;51;-21.33333396911621;-166.1666717529297;2;3
5194;104;51;-21.33333396911621;-166.1666717529297;2;3
5245;105;52.66666793823242;-20.16666603088379;-167.6666717529297;2;3
5279;106;51.66666793823242;21.16666603088379;-167.5;2;3
5319;107;51.66666793823242;-20.83333396911621;-167.5;2;3
5373;108;52;20.66666603088379;-164.3333282470703;2;3
5440;109;51.66666793823242;-21.16666603088379;-166;2;3
5478;110;54.66666793823242;-21.33333396911621;-166.1666717529297;2;3
5546;111;53.5;19.66666603088379;-164.6666717529297;2;3
5574;112;53.5;20.16666603088379;-163.5;2;3
5637;113;53.66666793823242;-20.83333396911621;-162;2;3
5683;114;51.83333206176758;19.66666603088379;-162.3333282470703;2;3
5734;115;52;20.66666603088379;-162.5;2;3
5795;116;53.16666793823242;19.5;-164;2;3
5850;117;55.66666793823242;20.66666603088379;-159.8333282470703;2;3
5878;118;55.66666793823242;20.66666603088379;-159.8333282470703;2;3
5910;119;55.83333206176758;19.33333396911621;-158;2;3
5956;120;56.66666793823242;18.83333396911621;-155.6666717529297;2;3
6005;121;51;18.5;-163.8333282470703;2;3
6084;122;52;18.33333396911621;-162;2;3
6111;123;55;19.66666603088379;-161.5;2;3
6161;124;54.83333206176758;19.83333396911621;-163.1666717529297;2;3
6202;125;56.16666793823242;20.16666603088379;-162.6666717529297;2;3
6262;126;54.83333206176758;-21.16666603088379;-166;2;3
6304;127;57.5;-20.16666603088379;-165;2;3
6344;128;57.5;19.66666603088379;-157.6666717529297;2;3
6463;129;59.33333206176758;19.16666603088379;-155.1666717529297;2;3
6501;130;54.66666793823242;18.5;-160.3333282470703;2;3
6545;131;55.5;-20.5;-161.8333282470703;2;3
6600;132;56.5;-20.33333396911621;-161.6666717529297;2;3
6642;133;54.83333206176758;20.66666603088379;-163.1666717529297;2;3
6685;134;52.83333206176758;-21.16666603088379;-164.8333282470703;2;3
6751;135;54.5;21.16666603088379;-161.6666717529297;2;3
6788;136;55.5;-21.33333396911621;-159.1666717529297;2;3
6908;137;55.5;-20.5;-164.1666717529297;2;3
6918;138;55;-20.16666603088379;-165;2;3
6950;139;55;-20.16666603088379;-165;2;3
6991;140;55.66666793823242;-20.33333396911621;-164.3333282470703;2;3
7035;141;54.16666793823242;-20.16666603088379;-165.3333282470703;2;3
7088;142;55.16666793823242;20.66666603088379;-166.3333282470703;2;3
7125;143;55.5;-19;-167.3333282470703;2;3
7204;144;53.66666793823242;-20.83333396911621;-167.1666717529297;2;3
7230;145;54.83333206176758;-20;-165.1666717529297;2;3
7276;146;53.83333206176758;-21.33333396911621;-164.6666717529297;2;3
7326;147;52.66666793823242;-20.16666603088379;-163.8333282470703;2;3
7387;148;54.5;-20;-164.3333282470703;2;3
7457;149;51.16666793823242;-19.16666603088379;-166.3333282470703;2;3
7513;150;55;-20.5;-165.8333282470703;2;3
7544;151;55;-20.5;-165.8333282470703;2;3
7577;152;52.83333206176758;-20.83333396911621;-165.1666717529297;2;3
7616;153;52.66666793823242;20.83333396911621;-165;2;3
7666;154;53.66666793823242;-20.83333396911621;-164.3333282470703;2;3
7706;155;53.83333206176758;19.66666603088379;-162.6666717529297;2;3
7765;156;54;-20.33333396911621;-163.1666717529297;2;3
7808;157;54.66666793823242;20.16666603088379;-163.5;2;3
7863;158;54.66666793823242;-21;-163.8333282470703;2;3
7916;159;57;20.83333396911621;-161.1666717529297;2;3
7960;160;60.5;-21.16666603088379;-152.8333282470703;2;3
8054;161;62.66666793823242;-21.33333396911621;-191.3333282470703;2;3
8094;162;61.83333206176758;20.83333396911621;-150.6666717529297;2;3
8126;163;61.83333206176758;20.83333396911621;-150.6666717529297;2;3
8150;164;55.66666793823242;21.16666603088379;-159.8333282470703;2;3
8204;165;59.33333206176758;-20;-152.8333282470703;2;3
8259;166;62;-19.5;-157;2;3
8337;167;58.5;-21.16666603088379;-158.6666717529297;2;3
8413;168;58.83333206176758;-18.33333396911621;-162;2;3
8442;169;58.66666793823242;-18.16666603088379;-163.8333282470703;2;3
8502;170;57.5;-17.66666603088379;-163.5;2;3
8540;171;22.16666603088379;-18.33333396911621;-154.6666717529297;2;3
8593;172;22;19.33333396911621;-191.6666717529297;2;3
8648;173;63.66666793823242;20.33333396911621;-190.3333282470703;2;3
8695;174;60;20.33333396911621;-153.1666717529297;2;3
8737;175;60.83333206176758;21.16666603088379;-155.5;2;3
8804;176;57.83333206176758;20.5;-156.8333282470703;2;3
8829;177;57.83333206176758;19.66666603088379;-158.8333282470703;2;3
8879;178;56.66666793823242;19.66666603088379;-156.8333282470703;2;3
8931;179;59.66666793823242;19.5;-156.6666717529297;2;3
8997;180;56.66666793823242;20.16666603088379;-155.6666717529297;2;3
9045;181;54.5;20.66666603088379;-160.1666717529297;2;3
9078;182;55.16666793823242;-20.83333396911621;-162.8333282470703;2;3
9138;183;56.83333206176758;-19.5;-165.5;2;3
9176;184;55.16666793823242;-20.33333396911621;-165.5;2;3
9231;185;54.83333206176758;-19.5;-165.5;2;3
9291;186;54.5;-18;-166.3333282470703;2;3
9329;187;55;-16.5;-168.5;2;3
9390;188;55.5;-17.33333396911621;-168.1666717529297;2;3
9420;189;55.83333206176758;-20.5;-166.5;2;3
9481;190;53.66666793823242;-20.83333396911621;-164.8333282470703;2;3
9578;191;55.16666793823242;19.5;-161;2;3
9602;192;55.5;19.33333396911621;-157.1666717529297;2;3
9623;193;55.5;19.33333396911621;-157.1666717529297;2;3
9662;194;57.33333206176758;18.33333396911621;-161;2;3
9716;195;54.16666793823242;-21;-158.8333282470703;2;3
9794;196;55.5;18.83333396911621;-158;2;3
9853;197;54.83333206176758;19.83333396911621;-158.1666717529297;2;3
9906;198;54.66666793823242;20.83333396911621;-160;2;3
9932;199;54.66666793823242;20.83333396911621;-160;2;3
9956;200;54.66666793823242;20.5;-156.8333282470703;2;3
10006;201;56.66666793823242;-21.33333396911621;-160.6666717529297;2;3
10059;202;57;-21;-161.1666717529297;2;3
10119;203;63.5;-21.33333396911621;-152.5;2;3
10151;204;60;-21.16666603088379;-155.5;2;3
10234;205;57;-21.33333396911621;-161.8333282470703;2;3
10291;206;59.83333206176758;19.66666603088379;-154.1666717529297;2;3
10335;207;59.83333206176758;19.66666603088379;-154.1666717529297;2;3
10389;208;57.33333206176758;18.66666603088379;-159.3333282470703;2;3
10457;209;59.66666793823242;21.16666603088379;-155.1666717529297;2;3
10489;210;59.66666793823242;-20.33333396911621;-156.6666717529297;2;3
10536;211;59.33333206176758;-21.16666603088379;-156.3333282470703;2;3
10596;212;63.5;20.5;-149.5;2;3
10667;213;61.33333206176758;18.66666603088379;-190.8333282470703;2;3
10703;214;62.5;19.5;-186.8333282470703;2;3
10746;215;61;19.66666603088379;-190.6666717529297;2;3
10814;216;60.83333206176758;20.33333396911621;-150.5;2;3
10851;217;58;19.5;-156.6666717529297;2;3
10916;218;57.5;19.33333396911621;-158;2;3
10999;219;58;19.83333396911621;-154.3333282470703;2;3
11052;220;58.33333206176758;18.83333396911621;-154.8333282470703;2;3
11076;221;56.83333206176758;21.16666603088379;-156.6666717529297;2;3
11102;222;56.83333206176758;21.16666603088379;-156.6666717529297;2;3
11125;223;54;19.5;-160.1666717529297;2;3
11183;224;56.66666793823242;-21;-158.8333282470703;2;3
11215;225;56.66666793823242;-19.66666603088379;-159.5;2;3
11272;226;56.16666793823242;19.66666603088379;-160.6666717529297;2;3
11315;227;56.5;-21.16666603088379;-161;2;3
11370;228;56.83333206176758;-21.16666603088379;-161.3333282470703;2;3
11424;229;57.66666793823242;-20.83333396911621;-160.5;2;3
11480;230;56.16666793823242;20.16666603088379;-159.5;2;3
11521;231;55;20.16666603088379;-158.8333282470703;2;3
11570;232;55.83333206176758;-21.33333396911621;-159.1666717529297;2;3
11663;233;55;19.66666603088379;-160.3333282470703;2;3
11714;234;59.5;-21;-158.3333282470703;2;3
11773;235;56.66666793823242;-20.5;-158;2;3
11810;236;58;-20.83333396911621;-158.1666717529297;2;3
11828;237;58;-20.83333396911621;-158.1666717529297;2;3
11848;238;59.83333206176758;-19.66666603088379;-156.8333282470703;2;3
11916;239;61.66666793823242;20.66666603088379;-153.1666717529297;2;3
12031;240;61.83333206176758;20.83333396911621;-191;2;3
12047;241;23;-21.16666603088379;-187.3333282470703;2;3
12103;242;63.83333206176758;-19;-151;2;3
12131;243;63.83333206176758;-19;-151;2;3
12161;244;59.5;-19;-160;2;3
12203;245;55;-18.5;-168.8333282470703;2;3
12251;246;56.66666793823242;-20.16666603088379;-166.1666717529297;2;3
12345;247;53.66666793823242;-20.83333396911621;-166.6666717529297;2;3
12410;248;54.5;-21.16666603088379;-164.8333282470703;2;3
12489;249;55.5;-20.16666603088379;-166.1666717529297;2;3
12571;250;55.66666793823242;-18.33333396911621;-166.6666717529297;2;3
12696;251;21.66666603088379;-19.66666603088379;-191.3333282470703;2;3
12739;252;62;-20.33333396911621;-153.1666717529297;2;3
12802;253;57.33333206176758;-20.83333396911621;-156.6666717529297;2;3
12826;254;60.66666793823242;-21;-154.8333282470703;2;3
12845;255;60.66666793823242;-21;-154.8333282470703;2;3
12870;256;59.66666793823242;20.66666603088379;-155.5;2;3
12924;257;58.33333206176758;-21.33333396911621;-154.8333282470703;2;3
12973;258;55.16666793823242;20.33333396911621;-160.5;2;3
13032;259;51.5;17.66666603088379;-164.6666717529297;2;3
13062;260;49;20.5;-167.3333282470703;2;3
13121;261;50.83333206176758;-20.33333396911621;-169;2;3
13164;262;53.66666793823242;-20.83333396911621;-166.6666717529297;2;3
13212;263;54.83333206176758;-19.5;-164;2;3
13226;264;54.83333206176758;-19.5;-164;2;3
13260;265;55.66666793823242;-18.66666603088379;-166;2;3
13305;266;56.16666793823242;-17.66666603088379;-165.8333282470703;2;3
13342;267;56.16666793823242;-17.66666603088379;-165.8333282470703;2;3
13378;268;54.16666793823242;-20.16666603088379;-166.1666717529297;2;3
13418;269;54.16666793823242;-20.16666603088379;-165;2;3
13469;270;53.83333206176758;20.83333396911621;-165.3333282470703;2;3
13515;271;54.83333206176758;21.16666603088379;-162.5;2;3
13577;272;56.16666793823242;-21;-160.6666717529297;2;3
13618;273;56.66666793823242;18.83333396911621;-157.1666717529297;2;3
13662;274;57;18.5;-158.8333282470703;2;3
13729;275;56.5;21.16666603088379;-157;2;3
13789;276;56.83333206176758;19.16666603088379;-155.8333282470703;2;3
13817;277;57.5;18.5;-155.3333282470703;2;3
13875;278;56.83333206176758;19.16666603088379;-156.3333282470703;2;3
13958;279;56.5;20.66666603088379;-156.6666717529297;2;3
14058;280;57;-21.33333396911621;-158.3333282470703;2;3
14094;281;59.83333206176758;20.83333396911621;-155.6666717529297;2;3
14140;282;58.66666793823242;-21;-155.3333282470703;2;3
14160;283;58.66666793823242;-21;-155.3333282470703;2;3
14204;284;60.66666793823242;19.66666603088379;-154.1666717529297;2;3
14240;285;60.66666793823242;19.66666603088379;-154.1666717529297;2;3
14319;286;21.83333396911621;17.83333396911621;-187.6666717529297;2;3
14392;287;27.33333396911621;-19.33333396911621;-177;2;3
14446;288;24;20.16666603088379;-176.1666717529297;2;3
14496;289;63.16666793823242;18.5;-187.5;2;3
14534;290;63.66666793823242;20.33333396911621;-191.1666717529297;2;3
14584;291;62;21.16666603088379;-151.6666717529297;2;3
14649;292;56.66666793823242;20.5;-160.3333282470703;2;3
14671;293;56.66666793823242;-20.16666603088379;-161.5;2;3
14706;294;56.66666793823242;-20.16666603088379;-161.5;2;3
14736;295;55.83333206176758;-19.66666603088379;-164.1666717529297;2;3
14817;296;54.66666793823242;-17.66666603088379;-166.5;2;3
14864;297;59;-21.33333396911621;-158;2;3
14902;298;59;-21.33333396911621;-158;2;3
14933;299;58.83333206176758;-21.16666603088379;-155.8333282470703;2;3
14997;300;58;19.5;-157.8333282470703;2;3
